6.564165976878391096e-01
2.769318610759915700e+00
1.952580761250604091e+00
1.575367974595631937e+00
1.761940232332017020e+00
2.107189048941285670e+00
2.388721218680447400e-01
8.118699572112544338e-01
1.716883434619296267e+00
1.095563588776435893e+00
6.076879521872259327e-01
8.449032483180314301e-01
2.891816793826684329e+00
1.931822812501724496e+00
7.121559962224940366e-01
9.811195522096661792e-01
2.092025446438082525e+00
7.540892954570781459e-01
2.136248098706925003e+00
1.137895955252659075e+00
2.287220411431820644e-01
2.828336342747587828e+00
1.924870353861696248e-01
1.534477518104068627e+00
1.487099250969317943e+00
2.276464770669655024e+00
2.668205770091102380e+00
2.384979905080951479e+00
1.287400251411553231e+00
2.275606908207601364e+00
1.814470685968873509e+00
1.923725237832642154e+00
1.990742213417918016e+00
2.519910947767643350e+00
2.155207063870927087e+00
1.595068219287882894e+00
2.275586010210701282e+00
2.159949621126523223e+00
2.117038393637482585e-01
1.510086435837300733e+00
2.522662529207605253e+00
1.172680877419416401e-01
1.298276260581331387e+00
1.451929740513896228e+00
9.148840107186425596e-01
1.869649498078591154e+00
1.127161950617432407e+00
9.435151431742775374e-01
1.428949519185089390e+00
1.819267936541918873e+00
2.818388926537735539e+00
1.005620144995253096e+00
1.989786454412781458e+00
1.951091448619824309e+00
6.123328726249329668e-01
6.513186278465691315e-01
1.896075789674255940e+00
1.756401001612325707e+00
2.905815433467419773e+00
2.833595618772017932e-01
7.378525822731140105e-01
1.249032226280495816e+00
2.996066016836861134e+00
1.963413063426299843e+00
1.963093918561053863e+00
2.630281855902443677e+00
1.679605609985903136e+00
2.320605673596602969e+00
1.685459508272894258e+00
7.685530522583017277e-02
2.102301872075248657e+00
2.545104468165446221e+00
2.367049370623550253e+00
1.147287223755258267e+00
8.384464779859082117e-01
1.541975847161051183e-01
2.164436380144334482e-01
1.221149321882152528e+00
7.086165172644180998e-01
7.794849462726560763e-02
1.721667700071604301e+00
2.015166825641970139e+00
1.397672900256250905e+00
2.826039794237086511e+00
7.597706438691893549e-01
2.063320346131176652e+00
8.949255965261719847e-01
2.648329275658446225e+00
5.224200071305473703e-02
2.211977327440129759e+00
3.279734255748574245e-01
1.529383632394227810e+00
5.658472465045683020e-02
1.335955714435142827e+00
1.459142105303022241e+00
2.235805814168087657e+00
1.209114373973736667e+00
5.232434979912805595e-01
2.023508553662540344e+00
1.418032750465335390e+00
2.280341994914813153e+00
5.386929211560009811e-02
2.795280432689891681e-01
2.299545598532155122e+00
2.013627209861195588e+00
5.927951024428165239e-01
1.157987902811413505e+00
1.385372134018316492e+00
2.398943784546182290e+00
1.355113447178423414e+00
1.061890060894257193e-01
4.714414357236599296e-01
1.342678535346268465e+00
9.354420733839793334e-01
5.104713117607089234e-01
1.564294604289492074e+00
2.712947451411144684e+00
8.120465059693909859e-01
4.500444085465701294e-01
2.397694585414794410e+00
7.847873058995916695e-01
4.366569798282389225e-01
2.083380845275303983e+00
3.175969752214183872e-01
1.428445289743606628e+00
1.774408248154779599e-03
2.044622462890382408e+00
7.970519075907611661e-02
2.503474864289667590e-01
9.024499046344690578e-01
2.328439656211678699e+00
2.397905554432335329e+00
1.433498814994638826e+00
2.639068713750591044e+00
2.458336026165117261e+00
1.792951308962571710e+00
4.064791278286032927e-01
1.842063621963297759e+00
1.406643698858724090e+00
2.812585799277506737e+00
2.737651920830865837e+00
2.224858011629006427e+00
2.589727028515079521e+00
2.940465127395020861e+00
1.451405838934981318e+00
1.539269280772703086e+00
1.106929258650412251e+00
8.034090945581520149e-01
1.406226351899751315e+00
7.007388300430350547e-02
3.855877735982384813e-01
2.908329368602505127e+00
1.187661851000014313e+00
2.522736216620874661e+00
6.636409114763771599e-01
2.198028759015097311e+00
2.278183614571013038e+00
1.291776484811892889e-01
9.804609775810984029e-01
5.710113357580822724e-01
1.384465715743093961e+00
8.886282230344285660e-01
2.698478855728764003e+00
1.371729355665735728e+00
1.752651596034588088e+00
4.590377145774920953e-01
1.570751984216884001e+00
1.330336477039857357e-01
4.777023548166197120e-01
2.838550803676053391e+00
1.624105564986389805e+00
1.143686739588674950e+00
1.919771200567316427e+00
2.176644678530592625e-02
2.404849154574545178e+00
9.720778374880205686e-01
4.246251612560422162e-01
2.324463561246886023e+00
6.121284778594804354e-02
1.399468061569614674e+00
5.621160787929974090e-01
1.318315530704532446e+00
2.676093969837759712e+00
2.827923950560445654e+00
1.592173723922448936e+00
2.521046048174497400e+00
2.182897830685516460e+00
2.234936011337051553e+00
4.951700037512009045e-01
2.325089353316075247e+00
1.913483240030598775e+00
1.166150696644650875e+00
3.602910399181691314e-02
3.640159541846033076e-02
2.094357897546052172e+00
2.029989213708296880e+00
1.481022342681781012e+00
4.246976042127316164e-01
1.100398985497637483e+00
6.697842820106690853e-01
7.583786869682362930e-02
5.585099986152228801e-01
1.941025111343160914e+00
1.841569925342886549e+00
2.697638197989710385e+00
2.110512177993307592e+00
5.642012850162525517e-03
2.695624766283024609e+00
2.246079227748634555e+00
1.741590509129463893e+00
2.551579067957129965e+00
2.563967810221126520e+00
6.773585030831349441e-01
1.741047577703418003e+00
6.842906075961782131e-01
3.867109624250264499e-01
1.149844986801982216e-01
2.298016410060601533e+00
1.649812442762488285e+00
1.743097048488745582e+00
2.643461296834876961e+00
2.286702948471333929e+00
1.626109893417282182e+00
1.263183408638579142e+00
2.505726049176377757e-01
2.738830030984301445e+00
2.935211013548444825e+00
4.402015915183992156e-01
1.626747572086104432e+00
1.424965822530486648e+00
6.291033159399049834e-01
2.399842171314764183e+00
5.186772822120893078e-01
2.717861076223870853e-02
2.471185847352662446e+00
1.129442616744909200e+00
2.036668288286055617e+00
1.646973108970144040e+00
1.946299393956591128e+00
9.370563151309232452e-01
7.773022159923156371e-01
1.715759897399741440e+00
1.717069906377007626e+00
2.328287400732961032e+00
2.614248995545890297e-01
3.950593128999007053e-01
2.833985734519933963e+00
1.251526448972987149e-01
1.818442265943794212e+00
7.074966694164667169e-01
1.429596399006266561e+00
2.296556016173560089e+00
1.539328658920705806e+00
7.998960669946647561e-01
1.816745469312095240e+00
5.853084357114668457e-01
1.326568981664967062e+00
2.989155477994618337e+00
2.449021790251994624e+00
1.664145092990923835e+00
9.684276494972496874e-01
2.356981861172559256e+00
1.944863107112266398e+00
1.426466513437621320e+00
2.524231035596231632e+00
2.943257671898485306e+00
5.403467715170764407e-01
2.079694723920618937e+00
2.126210717306679321e+00
2.611542960482253761e-01
5.964810912823056421e-01
2.606966004985274310e+00
1.017508329806428469e+00
7.002964057660756581e-01
1.417585358869294598e+00
2.141852221165638337e+00
1.919902519333172464e+00
2.189796124056686111e+00
1.515909111770175288e+00
9.240288372053424570e-01
1.679978911334137903e-01
2.579888736182157860e+00
2.481827596936470037e+00
1.461635723593267766e+00
8.042923996089484939e-01
6.301748859744716880e-01
2.302466304330388347e-01
8.184436817910744066e-01
1.105934685804043083e-01
7.055341563570752816e-01
7.300576925950171825e-01
1.506537645959976857e+00
5.021982580860139267e-01
9.007230403359658411e-01
2.136312480343812048e+00
1.607706307705114579e+00
8.040977610551645061e-01
1.807905458028861378e+00
2.813580255973310074e+00
2.612260508397243441e+00
4.677260238847942286e-01
9.436582141696950865e-01
1.615452764620560089e+00
6.053429490768629240e-01
4.304955160895039823e-01
6.546445909556657394e-01
1.822549693793830805e+00
3.877783655194498857e-01
1.668810749918661074e+00
3.366200351914870881e-01
2.120384203901165332e+00
2.089621089332016624e+00
7.603847870399751407e-01
1.968063402381882820e+00
1.490153407682655029e+00
4.165646779020192314e-01
2.835158717404976381e-01
8.043936983024635445e-01
2.645888995191218118e+00
1.164380526694927642e+00
9.550050438186751256e-01
2.203530697331590460e-02
8.215338365692752554e-01
1.710415928607133429e+00
2.771579456948171760e+00
1.384236733236349437e+00
6.491906041716394293e-01
1.005499320051401302e+00
5.285035514280943536e-01
2.650971761161275975e+00
7.095122144712429080e-01
3.486079646140085586e-01
2.129318139894574635e+00
2.160735540397598076e+00
2.281539275556426105e+00
2.154920336345352627e+00
2.339897817260361723e+00
1.872121937114724410e+00
1.507395383477201367e+00
2.007540213466945556e+00
4.014609645136557603e-01
8.662896374328438176e-01
2.830027865852427382e+00
1.378457123969801801e+00
3.165803070659559681e-01
1.829065820402570042e-01
4.633901054878699632e-01
1.998449689644505867e+00
2.094153999197021054e+00
1.559659535724427837e+00
4.829899966045780868e-01
1.667049472098341312e+00
2.724095148013427448e+00
1.385416782439638173e+00
9.304782010929776304e-01
2.445545663679229875e+00
1.177894005224315643e+00
1.323939447850236650e+00
8.565569546931912637e-01
2.566993976084440909e+00
2.550848775113172984e+00
1.293465710194873441e+00
2.464539483058369118e+00
2.535562750565044876e+00
1.580725842268064785e+00
2.327741500673040420e+00
4.593147528583326755e-01
9.441681797508180152e-01
2.236089019806595246e+00
1.646737136278854763e+00
2.781057915184991236e-01
1.135546947763438341e-01
7.208277188684497627e-02
2.034086350452518399e+00
2.355108864997496276e+00
1.741588090862720595e+00
1.503488683159096562e-01
1.877413263888260131e+00
9.008842384235806744e-01
1.773667518150372047e+00
2.338589421862743656e+00
2.389387792954349443e+00
2.942259867699007714e+00
7.702013682030746100e-01
1.402900892598190286e+00
1.928639851576083197e+00
3.811466252308688407e-01
2.633151049587823422e+00
1.183680287490648686e+00
2.058578207192105936e+00
3.951151069506708691e-02
1.335351217649034972e+00
1.438933874925956591e+00
1.690826339724627037e-01
1.626432176107164063e+00
8.711652756357353145e-01
2.510454955781382669e+00
1.414357399187548658e+00
2.501333702352988464e+00
1.383391062562966400e-01
4.969475496997715069e-01
2.854642009725660845e-02
2.680745386376697681e+00
1.077560649013674876e+00
2.398167108333240094e+00
5.199485630156575056e-01
2.031576217912419935e+00
3.820869508314395091e-03
5.097740027858037593e-01
1.722749115162067302e+00
2.929417479035461902e+00
4.712584644450645843e-01
2.340555702201963406e+00
1.976293956403707863e+00
1.296863802107556252e-01
2.427531123683321912e+00
1.944191540262258489e+00
2.637600264444656117e-01
7.502179844212591986e-01
3.833033624841648557e-01
2.599785423297283238e+00
1.432512940001125390e+00
7.739787544762743998e-01
1.914561211191556422e+00
1.716203137049860938e+00
1.769819321393291123e+00
2.114347362378352635e+00
2.505918943483609329e+00
1.860765366122536513e+00
2.386322263973077007e+00
1.552521532593650333e+00
1.839693014378642744e+00
1.389040948202006298e+00
2.919079814406341455e+00
1.521643425466116639e+00
1.656557107378244353e+00
1.784563346490450009e+00
3.581654229941273471e-01
7.823839095059179627e-01
1.098612742313530566e-01
1.862368980899624660e+00
2.855108451412076143e-01
2.681201037212742833e+00
1.607680502683171087e+00
9.112773886539533574e-01
1.337223849501821382e+00
2.740417955183533927e+00
9.214030623199670478e-01
2.798991685031768206e+00
2.953875614809532646e+00
2.595379444085297305e+00
3.105390005161896561e-01
8.599145209759075925e-01
5.138111888038897623e-01
1.742197992500124304e+00
2.782338534179775724e+00
1.211565242910710438e+00
4.658592105418195572e-01
7.455323156173462307e-01
1.861371526540976928e+00
1.218723696619095964e+00
1.710794638954800551e+00
2.454432607220350171e+00
2.152552044213150051e+00
1.513770423500558682e+00
1.533874286914270302e+00
1.032465393496437400e+00
9.432698022343236621e-01
2.929822066766005317e+00
6.991902479831605399e-01
1.422145085561061784e-01
4.166325595399782422e-01
2.515700263158423322e+00
7.076337101763217063e-01
8.449271553911302801e-01
2.692870654313994638e+00
2.530958382010868313e+00
2.446221090926103070e+00
2.746508343835696309e+00
1.315648818888692784e+00
3.657859723782987960e-01
1.545029115506656670e+00
2.456878367176119848e+00
1.594035684642582940e+00
1.353408050207892899e+00
2.047428696587013652e-01
1.238917652436217764e+00
1.245242278471913266e+00
6.233079129206753333e-02
9.363663767801714277e-01
1.195452443344577897e-01
2.957739093904927064e+00
3.323384628336494284e-01
7.725488922423362492e-02
3.855832669238218324e-01
1.267887895844579615e+00
4.667711456010330551e-01
2.071769635769839191e+00
2.852896624644194912e+00
1.129780302016297977e+00
1.069752742236546927e+00
7.264979262428662432e-01
1.148946880604357457e+00
8.065973922622197145e-01
1.104467135374662679e+00
1.838820446168903722e+00
1.714165192283932937e+00
7.195938569375283089e-01
9.396957327540198524e-01
7.228774946024091319e-01
2.901481530288022803e+00
4.615630878327959818e-01
1.961266559281660049e+00
2.596162019156226464e+00
1.560830286441128312e+00
4.088777801534049239e-02
2.671913024807655468e+00
1.392135987351717175e+00
3.646359725754388936e-01
2.098265686622524662e-01
8.224762810984065364e-01
2.788787785201287228e+00
9.945920522576807699e-01
8.536260349766804367e-01
1.963916599999474544e-01
2.602098100108052314e+00
2.968075313609418231e+00
1.106512220155379200e+00
1.095786239366701498e+00
1.550523973632675911e+00
7.337143178131039223e-01
8.081752978977235768e-01
2.585021489734520284e+00
8.848682300633047282e-01
2.367005814297733490e+00
1.002613493718116366e-01
2.198715282652747405e+00
2.540767240399750548e+00
2.310445920551691845e+00
1.888005530203564986e+00
2.627983631163740563e-01
2.252163892011446400e+00
1.658883967022251049e-01
2.075725942269686097e+00
2.052856020720995378e+00
6.250398791175596491e-01
1.470249687011548900e+00
2.623399068322446848e+00
4.796371156975318684e-01
1.391374651264443596e+00
2.519270401675878901e+00
1.117814359548718883e+00
1.842459484321781860e+00
6.874890297703821762e-01
2.586908970660455331e-01
1.675492693006723544e+00
1.777355222512198463e+00
1.157032128457210263e+00
4.443333190548934830e-01
2.948073019835183439e-01
2.850296529975984594e+00
4.910652948358953385e-01
1.790654051405505154e+00
1.709505891565649360e+00
1.268149901681289826e+00
3.746285718114191754e-01
2.230353986385820608e+00
2.671001977850266940e+00
4.893491749643239519e-01
1.496391393908132361e+00
1.834033804558439673e+00
6.404482468244789839e-01
5.194916887541904948e-01
2.501722073167855331e+00
2.492256295682023559e+00
2.191979213613771460e+00
2.323807022036370906e+00
2.252485902311821775e+00
2.616265910871048206e+00
1.524271283839485402e+00
2.277180224866193203e+00
4.997309433946911517e-01
1.240023056259225598e+00
2.197574013061849740e+00
2.232052564397532191e+00
2.368022768619928442e-01
1.222408995083850369e+00
1.353274586212235953e+00
1.682568756985486580e+00
7.457596516509329421e-01
1.061243068685382429e-01
7.412590358212212127e-01
1.131426355203960510e+00
4.348518100402217756e-01
1.370500955281602984e+00
4.356870701538695378e-01
7.964157253798325176e-01
1.753262602272217308e+00
2.854606320103910022e+00
1.875188645690924805e+00
1.621431844772382336e+00
2.264677388000069680e+00
1.218253473854986169e+00
4.477058148330077536e-01
5.672294913659351456e-01
1.363297341798927587e+00
2.392860426856294076e+00
1.675668845463398338e+00
1.583122183109349823e+00
2.607084636217003037e+00
1.947600961675469478e+00
2.919138909295663886e+00
6.257710064071234646e-01
2.454353381274252399e-01
2.065581869680881422e+00
2.879165502026522550e+00
2.371368737730035647e+00
1.206860194777787498e+00
1.343008092275436827e+00
2.201962486737836233e+00
1.493295418502252225e+00
2.298316138043356105e+00
1.731765265515851748e+00
1.199543977761167168e-01
4.910410478146438606e-01
1.768708242708803224e+00
1.896738088404256173e+00
2.198950687040176710e+00
2.146826824751399521e+00
2.185412751090864081e+00
4.336515436108177024e-01
1.869468366115162539e+00
2.023873476218764456e+00
1.467866322756522957e+00
1.932955542739070998e+00
2.189847316366822394e+00
1.742722377703234349e+00
1.658524148035551260e+00
9.125288090680825359e-01
1.534093238465505049e+00
1.433820784404971072e-02
6.625448909893281169e-01
2.437358783821756969e-01
1.622789438025651343e-01
1.062492667270149127e+00
2.992566737560719670e+00
1.763250848492611045e+00
2.637468660510957186e+00
2.887219681852891018e+00
1.404368448348606080e+00
2.157307281846202685e+00
1.232705726000530522e+00
1.639965749154053576e+00
2.090444689555341462e+00
2.963240266335305240e+00
4.516127604374549076e-01
2.100197351683242175e+00
2.580747508538466573e+00
2.466822747219437950e+00
1.619938510857881209e+00
2.456287027387471511e+00
1.087479372866731797e+00
2.222090408552101160e+00
2.774959448749320767e+00
2.146485691012568253e+00
2.106229339280129231e+00
1.745532042425436803e+00
1.582899169172863774e+00
1.323031313105964113e+00
1.804103539375381260e-01
1.535836292252110713e+00
1.009828659391070360e+00
8.471808205465838348e-01
1.067105855804010073e+00
7.429747586902584189e-01
2.523907292883048381e+00
2.663955556609062469e+00
1.938942059553727670e+00
1.522773544415475744e+00
1.099996558514688250e+00
2.161574733070847909e+00
3.434365634653262500e-01
2.528208453745725226e+00
5.217246587150030646e-01
2.144062076308841824e+00
9.417301613607405031e-01
7.214193784871451021e-01
2.484551657052659124e+00
1.413556268337966326e+00
4.314053281857440636e-01
1.409123473680219174e+00
9.671464030308571935e-01
2.628081766086058479e+00
5.782743037179440826e-01
1.308299022171597548e+00
1.506856647163309582e+00
8.001100586357068334e-01
1.803477482081341954e+00
3.828270451746099701e-01
1.469143455973160428e+00
1.903085277413317122e+00
7.582772297260187422e-01
2.948081468535919125e+00
1.142453714649982466e+00
1.496558787092214349e+00
1.920163850014106277e+00
2.330226900794996503e+00
1.888348334432717657e+00
1.501923850198544574e+00
1.930970080014333234e+00
2.771235406066315576e+00
2.517977049257825506e+00
2.491726884047947621e+00
1.352484076240046962e+00
1.775114275579802614e+00
4.231577963020816124e-02
1.476545731154051744e+00
2.001623122084397188e-01
1.084752090414607295e+00
2.050636502823661722e-01
2.747479917379509473e+00
6.121858335381952232e-01
1.670005131359570072e+00
2.501655724561412164e+00
1.697824536018396113e+00
2.417043765143599643e+00
5.183003484138236638e-01
3.188464018590176918e-01
5.414892277572225243e-02
2.199129410597961076e+00
8.057915716792478644e-01
6.931899566813481961e-02
6.109631412568297115e-01
1.217737030573962098e+00
7.147948372364878455e-01
2.602105292197229858e+00
2.175458175612184242e+00
1.483244734241365936e+00
2.176663660018161472e+00
2.800520741131926172e+00
2.680198981262744251e+00
1.966185905807165124e-01
9.243696117721537098e-01
6.634630473691915942e-02
3.530526291479201273e-01
9.349176236436743670e-01
1.353800242369088247e+00
3.664250811758817949e-01
2.518721246598815799e+00
1.380041413433315878e+00
6.169825511662940798e-01
2.772249521839587061e+00
4.420176649832041615e-01
8.658738800376098999e-01
1.359335760342344157e+00
4.223560915593397302e-01
2.284659245409458084e+00
2.868839812970328751e+00
9.073771184242921395e-01
8.258925414738256254e-01
2.244760999710492921e+00
1.127792866139592842e+00
1.201574042276100540e+00
1.042893008640339847e-01
2.451396025042021254e+00
6.012878125196101653e-01
6.613840142568688796e-01
7.801090229594412895e-01
1.260797425672680383e+00
2.195908820158885000e+00
3.260067909950183918e-01
8.598361080760493769e-01
1.394466814021882772e+00
2.341676332524460946e+00
2.397058987054886625e+00
4.384880900629560818e-01
1.161190888229048923e+00
1.821743432605942736e+00
1.804459035362244279e+00
2.929675143957300998e-01
1.472603630424908383e+00
1.371878598215419132e+00
2.729442238059650805e+00
2.928630012100657876e+00
5.173923423761552787e-01
2.758902417026760645e+00
9.726696629739078892e-01
1.057828394943451933e-01
7.437902623006364955e-01
2.859183121289337492e+00
8.695255656189310178e-01
7.354250902688478364e-01
2.315877907701781702e+00
2.081628703144713821e+00
1.293670498801681168e-01
6.855098074134061692e-01
1.612189464198173328e+00
1.536456032246026338e+00
1.875456659404023840e+00
8.487253487315912226e-01
1.578797084202623768e+00
1.656184282242255890e+00
1.667986583914971233e+00
1.401456091415568039e+00
1.881261153211045478e+00
7.854364554815559396e-01
2.355116780513466068e+00
2.965025733766939453e+00
9.014894511131895660e-01
5.901935381442091622e-01
1.314660615106010955e+00
2.623829101038137601e+00
6.203984158998752108e-01
2.837413098014819557e+00
4.760340912603109320e-01
2.068980021125546020e+00
5.839379792266419233e-01
2.749151125163860510e+00
1.129448700104805692e+00
1.853497224794081966e+00
1.220315778130010020e-02
1.664294561393945049e+00
1.373878101243047434e+00
1.485443273223505667e+00
2.580960923741056678e+00
2.493268575182868041e+00
1.272229630652472743e+00
2.890497679213978044e-01
9.781322646688348499e-01
2.394201078431835938e+00
8.671025558765794727e-01
2.328422571466783886e+00
7.788737289626126437e-01
1.238762397658824899e+00
6.393833101230856908e-01
1.865776572849918491e+00
2.438980951211746628e+00
2.973119770456476019e+00
2.997455073539315507e+00
1.582132595823120269e+00
8.542862593894854362e-01
8.449871490532414597e-01
2.404163186890549753e+00
1.668505424151065508e+00
8.516642613122545891e-01
5.157768070606341126e-01
2.532575556796331284e+00
1.292517483617447338e+00
2.229277437650345917e+00
2.174554587464582411e+00
1.792103998577593504e+00
1.689187921039396745e-01
8.883707267579993294e-01
1.755309542348900465e+00
1.826835091069055172e+00
2.365243617058547798e+00
5.008077318298718161e-01
7.533631345968221371e-01
2.331011594206450432e+00
2.472350623853786900e+00
1.189176417376117900e+00
1.487853495580756524e-01
2.927885607080376928e+00
1.656924131920221033e+00
2.312935288827515201e+00
1.066409345213937820e-01
5.298144749799705844e-01
2.237428783448124570e+00
6.335673794535401360e-02
1.565453044923299064e+00
1.982950039004427456e+00
6.233967694508041335e-01
6.904953991778373101e-03
6.882007448216331813e-01
4.629398247258387222e-02
2.896525533025124943e+00
6.812461275765293589e-01
1.783633199112266032e+00
1.852166596781391839e+00
7.684308039272246260e-01
1.417156703552348240e+00
1.675454445016018035e+00
9.167329569027081737e-01
6.472595842297544921e-01
1.025939579122902678e+00
1.171197042002096733e+00
1.124004650137470307e+00
4.952383405706940467e-01
6.009311627671921618e-01
1.973489715727133165e+00
1.046710405531241284e+00
2.721911642413930466e+00
2.507172987490963845e+00
2.853830730212372657e+00
1.677783175106140057e+00
7.640049802210147067e-02
1.516751917835464925e+00
8.810937537246109619e-01
1.915678441534041765e+00
2.216172565875261791e-01
1.319913328699182653e+00
1.140710779108480066e+00
9.215380099661036883e-01
3.477490588396040527e-01
2.132190682181725805e+00
7.425137255454383745e-02
7.285258755752258564e-01
2.976029920823868302e+00
1.336518495374336757e+00
1.450540182714182835e+00
1.517523524820509673e+00
2.114558812520394238e+00
6.202284847493179099e-01
1.706694011425201163e+00
2.191128836000839186e+00
2.448823583121337855e+00
2.348840175673756914e+00
2.873837824612230918e+00
2.734425902475710934e+00
1.743380009575448586e+00
4.790974583462267455e-01
1.873682816382555849e-01
1.609543802287916048e-02
1.930189518327523501e+00
6.583268657057288475e-01
2.817209048660228810e+00
1.341133289120898020e+00
2.921866226833267355e-01
1.795604157527374456e+00
2.721499611725278989e+00
2.801799753728140274e-01
1.788097163368121301e+00
2.427313766192646050e+00
1.421983989541033555e+00
2.111955369725097675e+00
2.194149374374537498e+00
5.000048024744107034e-01
2.888993860333639585e-01
1.442612300189319408e+00
1.664019678852398210e+00
1.132345138658231498e+00
1.693854364697805481e-01
1.132869760774545043e+00
1.579253236549359452e-01
1.280345726665273798e+00
1.458616186847529139e+00
2.879249942523859573e+00
9.708845071644378599e-02
2.243477735219147284e+00
1.697898729774371951e+00
9.202512610960581485e-01
2.148541143947536813e+00
1.618075296504125404e+00
1.671639960606706721e-01
2.864364148467201332e+00
7.695240626525333694e-01
5.885358699707854413e-02
6.024099867986809631e-02
7.539219321456458456e-01
2.401689934529549930e+00
9.003333875941055275e-01
2.636922133900261755e+00
1.043996319107127757e+00
2.422305156914175139e+00
7.955126048622682688e-01
1.341474652805287882e+00
8.863262507839395621e-01
1.318008274671462754e+00
2.444007533952200717e+00
2.041955434783560897e+00
2.817961704096908715e+00
1.687451874151070452e+00
1.784292832806722462e+00
4.171553566126121604e-01
2.033677315082417891e+00
2.694399965780491790e-01
2.667112803512146080e+00
1.600854463683344830e+00
2.867229460905777128e+00
1.327688196492861739e+00
3.686555940237865592e-01
1.376828247971376262e+00
1.428107387767091341e+00
2.317026990982809842e+00
4.707485393951980068e-01
1.630402474695710868e+00
2.149960697232787155e+00
2.699251703508882549e+00
1.496010047067577897e+00
2.601644683614633635e+00
6.116781891553232375e-01
2.722059827381695385e-02
2.895781836141145815e-01
1.984543418627324307e+00
4.286313606218861150e-01
4.605291487746638879e-01
1.204189467199125785e+00
6.660177030701730505e-01
2.405110827528403661e+00
7.182902135161218782e-01
2.625058641424674377e+00
2.460290549687238482e+00
1.984830323349447978e-01
1.841799176779397307e+00
7.188413396897778140e-01
7.282338323543481318e-01
1.550057352804503186e+00
2.985184065907175999e+00
8.463528771637572889e-01
9.903001626199889884e-01
2.825774562961265612e+00
8.623576246488752206e-01
2.056509936452827425e+00
2.799036525534301045e+00
4.415949046867643224e-01
2.823670936004572418e+00
1.544687415380675777e+00
1.634678678451277456e+00
5.513408421296798201e-01
1.578892192326360355e+00
2.627234563819641266e+00
2.339224615120893525e+00
1.127119618062337736e-01
4.736744448570360255e-01
2.542161103224736873e+00
2.726433139391378990e+00
2.985427121663644545e+00
2.631837251100902497e-01
1.772092363687784111e+00
2.706318575829659512e+00
2.610587489492227409e+00
3.881206680267146325e-01
8.161014629390582753e-01
2.067791714546645121e+00
2.247885306408426764e+00
2.734957682592340511e-01
2.434508938535643097e+00
1.872656283337654770e-01
5.480805562994772728e-01
1.629960288483766728e+00
8.412629047858805054e-01
1.586853486884656217e+00
1.023386327632330062e+00
5.455407237605469639e-01
6.886031060459322228e-01
7.362494946756478198e-01
5.923786505225724364e-01
3.829811853254594389e-01
1.581634212019860986e+00
1.483529448057841815e+00
1.293476992641201306e+00
7.536407670350167010e-01
5.037181262730976439e-01
2.524012525664800499e-01
2.436744609564414965e+00
1.095495646304475379e+00
1.645009835441810342e+00
1.377205633399885887e+00
4.869259133798162775e-01
2.052836294260237615e+00
1.057295983135380535e+00
9.907496189978316492e-01
1.626936616878845498e+00
1.348212614028881706e+00
2.525919358651389501e-01
2.737532143190499756e+00
4.844420170109391410e-01
5.265292468971194406e-02
1.793597673333880760e+00
2.130339758345866308e+00
4.320466931334141503e-01
3.099327948459527082e-01
2.534956692052197536e+00
1.792730100912509172e+00
8.287752551373434029e-01
2.148140440416811625e+00
3.687046414336704325e-01
2.321430286737280468e+00
2.560420449161549428e+00
8.057461023790618571e-01
6.239913402393263420e-01
2.038539466372041531e+00
1.351291580658706692e+00
2.327293208769575017e+00
2.672548085794555384e+00
6.505463825404270706e-01
1.992947674449224715e-01
2.102000903648225005e+00
1.438430197672475153e+00
9.353707606540264674e-01
3.404947684757613224e-01
1.685667272448895693e+00
2.860516907059301062e+00
2.253233171148687930e+00
2.865961476938388763e+00
3.770033758586137651e-01
8.000320453814928623e-01
3.349533212415645167e-01
1.335077974654121924e+00
2.810639333233950765e-01
9.982818388189209635e-01
2.971705336113168450e-01
2.293759407688805041e+00
1.841691422207883067e+00
2.046335429969765141e+00
1.197536506335722617e+00
2.935584502750991476e+00
2.271847312468394664e-01
3.277410521349136685e-01
5.451372143725055075e-01
2.683720361757263362e+00
2.856603339777909589e+00
2.872254768347988207e+00
2.091526550339225743e+00
2.692687915321552605e+00
1.188244281806338787e-02
2.199244944276793845e+00
8.793632177704145958e-01
2.437584751517987591e+00
1.441384713026406139e+00
2.231117155165868837e+00
1.325973398506072432e+00
4.128072733947010242e-01
1.174878808206722303e+00
1.387556162808217586e+00
1.065755684663557412e+00
1.618520784592214046e+00
2.202556572063407270e+00
2.450463290713755793e+00
1.723939967206905788e+00
5.223317166521477262e-01
2.614751402474224662e+00
9.892087878508010190e-01
2.389077315260297318e+00
6.398560650589485421e-01
1.870647817582146821e+00
9.118214999719209679e-01
2.931595592696684349e+00
2.965481094937657325e+00
7.586354126922040253e-01
5.766483244983819922e-01
2.352269540281500593e+00
8.441203052307157950e-01
2.030703766951176714e+00
5.950122620721354227e-01
9.154162949507721470e-01
2.948481770327691986e+00
1.715007172153473203e+00
2.998298613298403303e+00
2.784652856576935731e-01
2.815084471940832778e+00
5.869302650939569599e-01
1.630092199603855097e+00
2.763733074262313849e+00
2.058674198156094537e+00
2.269305240188896011e+00
1.070977420442098538e-02
1.530931566447356396e+00
2.073018098157883404e+00
4.425068836731463895e-01
1.804250836192814234e+00
2.124850252450852128e+00
2.454390611318109983e+00
3.992039701962177833e-01
6.711540605450752039e-01
1.433632213582477721e+00
2.162176268262719692e+00
1.448910224917281830e+00
1.913828614529195615e+00
2.232824362203269075e+00
2.429513055118126985e+00
1.488035997250375830e+00
2.640477181260545869e+00
6.501091462805965726e-01
7.035462477778015034e-01
6.259318789798122840e-01
8.999881705855421465e-01
9.547865489004295769e-01
1.530276801507659989e+00
1.855651091176979239e+00
1.367360393696059440e+00
1.440109643209049661e+00
1.818896765091004175e+00
1.559829004901456040e+00
8.557890386803970184e-01
9.560261476270751624e-01
1.588442371378678164e+00
2.994753145914511805e+00
1.085082777386657593e+00
1.470839363843028380e-01
1.682312903167630047e+00
5.203673530340090503e-01
1.052262622523988389e-01
2.091769985227773798e+00
2.617436003902642305e+00
2.944802703238845076e+00
1.972748556798774366e+00
2.430431474104834955e+00
2.588988250445835693e+00
1.690195124769975799e+00
1.709110542087663998e+00
2.184636899214226435e+00
1.323720340273866647e+00
4.707633652976813687e-01
9.414904591375095055e-02
2.663873680259516874e+00
1.876342674796906529e+00
2.997079615710871892e+00
6.698112913407365809e-01
2.023150469704402266e+00
2.348402389935226875e-01
7.485523752612731618e-01
1.761081421967729543e+00
1.704910883267571897e-01
1.709497208940691682e+00
1.112736876724139901e+00
1.410273547801752958e+00
1.323076406032309915e+00
2.275263479566989488e+00
1.394900059770593170e+00
6.302499521465583232e-01
1.185353651535808739e-01
2.969770291343072799e+00
2.463007806174134284e+00
2.669224552540174766e-01
1.842952163736908400e+00
1.361360076575255817e+00
2.132577720180008463e+00
5.920732371156387508e-01
2.872577972785895106e+00
2.547686492409460435e+00
1.551317392979319143e+00
8.822700973949486603e-01
8.783498807824263732e-02
2.513405447938671600e+00
1.221852723842145494e+00
9.138912199736519693e-01
3.803252952984759183e-01
7.356023959484798702e-01
5.669311498551694584e-01
2.164494935867478098e-02
4.229328958953371131e-01
9.733571523798194569e-01
1.597665428881433591e+00
2.583527944772692653e+00
6.847716497056047791e-01
1.662757436494787910e+00
2.128496089694584370e+00
2.859266658981955089e+00
1.626672502696994149e+00
9.817282094302255402e-01
2.366639688010227616e+00
3.044199393664304143e-01
2.092208325466653029e+00
1.245580256388091556e+00
1.654696383766185885e+00
2.095566351425516283e-01
2.817375178870065611e+00
1.272959749808799668e-01
2.621892981464102323e+00
2.538636456108871897e+00
1.629849083266818655e+00
7.285242440757799809e-02
2.929317565897892717e+00
6.787645321306426949e-01
1.519827095205948719e+00
1.437818654384047878e+00
2.939596458855113337e+00
1.813688497380358644e+00
2.308327682717096430e+00
1.339280797928265709e+00
2.944309663451440073e+00
1.525137496032058504e-01
9.043666154176707161e-01
1.641167322637988812e+00
1.383556619502048335e+00
1.045744015846936659e-01
2.955467558393763738e+00
2.905529551553553524e+00
2.054065599415532350e+00
1.724907588306215933e-01
7.703349923461964011e-01
1.164957736319991888e+00
2.911404079103710352e+00
2.948258386939747400e+00
2.251920808250166495e+00
1.610790701408295167e+00
2.937535224322029404e+00
2.325674955196358251e+00
2.540854740151313518e+00
1.806937095274992355e+00
3.170997584897372601e-01
8.325223066878221223e-01
1.516918554482016290e-02
2.974307935843999440e-01
1.858006950061733331e+00
1.002323678494262182e+00
9.424035532544920990e-01
2.198460722118297017e+00
2.330215718159542426e+00
2.165162437666378281e+00
1.918269117139052016e-01
1.449644752730179231e-01
3.048241741864327059e-01
4.594276739238581930e-01
1.754028840813280699e+00
2.150294050901153220e+00
2.756485901397935478e+00
4.445106321023898355e-01
9.306907683440067691e-01
2.432161129596450699e+00
1.479949665055281915e+00
2.229630936010942754e+00
1.481120547769829709e+00
2.705180876355921082e+00
2.504196602593011800e+00
1.412445296776259962e+00
1.312201004664663273e+00
3.366125907577646181e-01
1.627787179652255389e+00
1.939915748290818920e+00
7.227028842947040843e-01
9.678019760472195143e-01
4.610611865868889936e-01
2.759446150570823431e-01
5.230104337574204010e-01
1.503633088377881677e+00
1.932026604531614122e+00
1.139564911250877000e+00
8.705719605557828977e-01
2.362319781331128077e-01
8.208538762116671661e-01
1.843946231443605477e+00
8.929646817764128608e-01
3.090443934737776566e-01
1.336462060526113937e+00
2.553051717951870803e+00
2.043085665052068567e+00
2.933551259050141358e+00
2.121275502364032839e+00
2.899668395969916990e+00
1.637549955506710564e+00
1.314224198919814679e+00
1.841208621894720565e+00
1.181325325586468189e+00
2.840811115580957669e+00
2.107067071082362464e+00
1.076908812183050568e+00
9.741832922953754803e-01
8.372429207800857753e-02
6.449130036899897167e-01
9.821370129626305623e-01
9.725634290971524321e-01
1.223898502103465624e+00
1.675235350106941912e+00
7.559233421129831765e-01
2.743006814405055671e+00
3.417060062576792179e-01
1.800907530515290400e+00
2.697864637996900683e+00
1.761480025219046119e+00
4.960653305992444029e-01
1.384498065138790590e+00
9.047467386119419919e-01
1.669997435309183764e+00
2.662585930184014904e-01
2.385402907488849422e-01
2.450673423268152185e+00
2.753651543894580112e+00
9.860922916262493398e-01
1.659921831896272071e+00
2.976269991039833585e+00
8.633359410284705548e-01
2.190231773542975269e+00
2.862822963854176006e+00
1.452104925312575068e-01
1.481938427836650973e+00
4.700778588864705787e-01
1.452638347707160271e+00
8.165028773613914881e-01
4.316787119024653174e-01
4.577740047241922738e-01
6.255664610504491074e-01
1.538039634653471044e+00
2.486892344046774284e+00
1.865007711250025402e+00
1.492307460409163955e+00
2.651657095913891649e+00
1.062569045194824424e-01
1.811597736648592027e+00
6.828288169606357982e-01
2.021168207031343478e+00
8.850822949360714897e-01
1.474144100626193943e+00
2.166643478291828018e+00
1.631791341503029402e+00
2.154208064386044619e+00
2.665155749316690859e+00
2.495664616292719629e+00
3.230681499441390159e-02
2.232734757103913115e+00
2.950234708825088425e+00
9.772959505710264727e-01
1.792673887404477640e+00
2.407456811451746947e-01
2.622818945991820083e+00
1.779381035585459125e+00
7.126135888882391134e-01
1.343268489384119135e+00
1.121980526664232425e-01
2.946009261993685069e+00
1.476500614249715682e+00
1.592360309074088542e+00
1.780912043552691504e-01
6.155189696120346721e-01
2.785758876684230945e+00
2.448260886661150604e+00
2.901472167611580666e+00
2.766913842470988261e+00
2.987686052947965187e+00
1.690221015888162981e+00
2.194458662118456527e+00
6.101838052260262213e-01
2.671583974251451332e-01
1.570162383827981012e+00
2.151141415016287084e+00
1.246103405610768267e+00
5.804379940616638534e-01
5.381681680731785766e-01
4.303362899697508182e-01
2.460123715613632189e+00
1.594266640880384278e+00
2.623847778513841433e-01
2.404970118788124278e+00
1.368981081646016396e+00
1.182834752724395866e+00
8.339784917126006336e-01
1.681847500794924732e+00
1.191343206933625609e+00
1.543714566497464746e+00
1.876682318222031354e+00
8.926007715530910325e-01
7.040888924762056522e-02
1.836672348370320673e+00
1.016741316194245126e+00
8.510945268581571188e-01
1.934520499078737465e+00
8.307374793434518789e-01
2.143323077521460451e+00
7.200538941844825125e-02
6.229869219260681934e-01
2.387595114275316011e+00
7.702583068760094909e-01
2.064100782426013581e+00
2.540043333924458135e+00
6.379123776859212391e-01
1.239911468797145311e+00
1.865899329847745758e+00
2.694254513808354901e+00
1.432900084917150041e+00
1.210210984058400552e+00
5.837291384126084282e-01
3.345116253260669303e-01
2.227254611914909477e-01
6.651919566075445989e-01
2.919452386586838255e+00
9.467954990083282674e-01
1.942736715932937841e-01
2.346084289200125461e+00
1.954632419998636905e+00
1.064014323058466660e+00
1.909815668477392370e+00
2.536872648545867470e+00
8.893136884727695923e-01
2.539782697478885076e+00
2.013052297996276163e+00
1.416825196768171757e+00
2.058012742619830249e+00
1.867453739111576638e+00
1.261791086319229205e+00
5.719206111962736871e-01
9.083579909783602302e-01
2.913571306568409902e+00
2.121965165916868123e+00
9.615508944943929048e-02
8.791305833305838036e-01
1.198903498532354339e-01
3.921916307864509177e-01
9.948248276867155404e-01
2.300200597995768703e+00
2.645173146054085933e+00
2.466597190912682258e+00
2.801038358564357900e+00
5.945186218077179729e-01
1.696112961746311765e+00
6.513823070452822162e-01
1.081978074249369648e+00
5.227799058502202723e-01
7.180469139202914075e-01
9.980243423085914944e-01
1.690170460334062152e+00
2.036522184897786580e+00
1.385294652858737763e+00
4.617663020196892676e-01
2.150884904108735896e+00
2.555000922596832869e+00
2.502130330200042607e+00
1.942406112434378551e+00
2.958780302370282111e+00
1.008418662881421790e-01
4.347203554762566480e-01
2.052342543212833714e+00
2.138230136635970613e+00
1.025507021110010797e+00
2.671026242897360348e+00
3.053185140029234246e-01
9.824771408432092512e-01
9.135329865758075041e-01
1.394245222724379563e-01
1.156316303076935892e+00
6.980482034494210897e-01
1.081048436068839935e+00
2.466122842997128917e+00
8.470873029181177349e-01
1.229555826423627041e+00
1.823663693943319508e+00
1.767763282232778010e+00
2.034230431952780638e+00
7.021558998493460102e-01
1.395557083735714521e+00
2.016804979823922039e+00
1.979924947225119469e+00
1.049068829959155957e+00
1.943676716235249513e+00
7.658827506468653956e-01
2.457630426819597869e+00
5.323031374584856756e-01
2.042576342892975516e-01
9.998324326016214680e-01
2.191785527588869797e+00
6.781972094510286819e-01
1.624112228554154269e-01
1.261723775239130596e+00
2.981812401749434738e+00
2.566262596995924739e+00
1.900221781155644774e+00
2.071730352066429415e+00
1.580376897083722199e+00
2.536292837328636418e-01
9.524246770034003884e-01
8.981172969677744256e-01
1.949860151392868390e+00
1.800266231326020483e+00
5.342233634577499002e-01
3.604469928935833956e-01
2.064137137718470294e-01
2.920406312195868548e+00
1.773639699616006427e-01
1.855169861480970628e+00
7.184744063641594902e-01
2.201419187390582177e+00
2.712551864330761564e+00
2.771154038791590946e+00
4.037802057069015405e-01
2.248348540514929272e+00
2.451799113828595722e+00
2.975912308153723540e+00
2.952578300383026821e+00
2.852849882626927069e+00
2.924400484349524376e+00
1.120136853137204458e+00
2.988906821008546100e+00
1.034831275585139654e-01
9.051076429502605825e-01
1.847129464564668755e+00
8.943834619749526649e-01
1.980304101183432142e+00
2.030609250826373557e+00
1.154362562523369329e+00
2.591594114546334815e+00
2.728499841577572305e+00
9.509369269620416842e-01
2.079099690001819489e+00
1.206265282136698813e+00
5.743315970489992761e-01
1.487221676986807628e+00
1.061049833436890077e+00
2.646287303786298839e+00
2.997765504295597960e+00
1.181250283597676365e+00
2.511557836383609299e+00
2.329099364646454173e+00
1.840949707899216525e+00
2.663658313330806493e+00
2.520339084158869092e+00
1.226879705476656479e+00
1.322489993960638266e+00
1.107180758917365004e+00
1.411763543310881275e+00
2.294519834178753825e+00
1.183177749166821613e+00
5.171280338566837109e-01
7.303287782409187967e-01
8.974432749282889032e-01
2.840022094364627492e+00
2.445951866024858479e+00
2.108447031884688627e+00
1.288811940195693673e+00
2.772111584589616928e+00
3.357365119485995475e-01
5.728162881254815764e-01
1.439654589981357979e+00
2.210568151045160690e+00
5.057792801506266755e-02
2.666114741202474825e+00
1.507883055946487083e+00
8.720774269800473100e-01
1.548996145027245142e+00
5.987385458870928545e-01
2.241950759599905751e+00
1.176655126108178795e+00
2.054399804253239648e+00
4.069592084264308518e-01
1.605238983238568284e+00
4.400707210315081275e-01
2.617817076320661851e+00
1.407107126420354515e+00
1.924049022147426014e-01
8.744945333722071723e-01
5.531027715795852062e-01
2.594689893382278179e+00
9.890356312577499587e-01
2.595946813478793302e-01
8.651336214680772629e-01
2.092787532825785668e+00
2.271600698275463071e+00
1.233533852173565037e+00
1.057413416008000651e+00
1.122522604303954896e-02
1.696845392060109647e+00
2.024145053146021667e+00
2.719178154313750539e+00
1.650218585848044484e+00
2.517628909515804647e+00
1.642375188525041274e+00
9.268825276420999959e-01
4.084803529279610323e-01
2.797037049701212474e+00
5.444823767004050019e-01
1.340475066996488884e+00
1.547325666939172617e+00
6.684917951522444390e-01
1.973999510981937711e+00
6.006339378144511798e-01
2.498783666397098813e+00
2.331899062721392468e+00
1.830825979806574910e+00
8.746926478124678050e-01
4.258379817631237074e-01
2.775224778582992435e+00
1.228331277794513454e+00
2.855357251726747148e+00
2.568912869626770235e+00
1.278757678962965105e+00
2.170994906653616496e+00
1.341962766032890109e+00
7.127939417745348116e-01
5.899685345110915469e-01
1.012864391238334605e+00
2.301043623421650253e+00
6.091976683704147799e-02
1.267857362424598122e+00
3.204908164758581979e-01
1.520812717112893786e-01
3.266353290945278598e-02
1.533676587925638435e+00
1.654891481989323232e+00
3.809967959444920949e-01
1.857083225071085142e+00
2.119447847519292161e+00
1.422956545907739123e+00
2.316283711471334161e-01
2.908101482958552531e+00
1.047703894555683579e+00
2.691326681475103566e+00
6.216531618781607760e-01
2.263806127643749999e+00
2.526999443724993633e+00
8.940124981168119378e-01
1.394701575657175674e+00
5.345120693809614076e-01
3.692997969653378787e-01
1.150013605712213227e+00
2.525305919892352424e+00
1.100557868135527251e+00
2.432777392774418956e-01
1.064786202189583086e+00
6.918914053357407834e-01
2.384648607388113462e+00
2.500902052754415017e+00
2.497223911049541556e+00
6.819223094008411978e-01
1.677849869114857340e+00
1.460019007721458983e+00
8.994705040106975025e-01
2.718596550717116145e+00
2.539043608656089024e+00
1.597359982352723584e+00
1.792663543748771016e+00
4.105062712097229394e-01
1.188153056805071550e+00
1.617200284110398734e+00
2.947965629027448742e+00
2.750356116407778106e+00
8.212036051144138149e-01
2.558870809332014495e-01
2.851718640005712624e-01
2.365267668055095918e+00
1.285762501573647132e+00
4.029549266563781096e-02
7.714789449170931235e-01
2.307821728242752890e+00
1.694239794752202766e+00
2.618794590596101202e+00
1.710082659815876927e+00
2.581279009065861718e+00
2.117341291763397138e+00
2.454250658685784625e+00
2.937744618824799092e-01
6.998117551371022538e-01
3.390181684402016060e-02
1.107275075641946049e+00
1.236099809895621959e+00
2.732445602552532327e-01
1.373835633453145411e+00
2.636661985824312993e+00
2.921289594443289950e+00
6.371699277686693197e-02
1.306999553612796072e+00
1.371147855738892307e+00
5.616319219453291822e-02
1.856921640163802900e+00
2.240696839097708892e+00
1.830799633640208146e+00
1.786092796419570972e+00
1.487855713688837733e+00
2.256619624393983337e+00
3.997738417952516610e-01
2.369991988255779169e+00
1.490385462578781572e+00
1.722701908012439498e-01
2.715518786478244184e+00
1.111701734943788100e+00
2.696038763732767851e+00
1.512137677946981063e+00
1.731211679400700421e-01
4.423557637444646140e-01
2.253692103362507471e+00
2.617671498972092614e+00
2.295950571385898531e-01
1.332046555103958418e+00
1.172109445235138825e+00
2.414699153442904311e+00
1.009753171873171151e-01
2.922049065347220420e+00
1.254335875091236563e+00
1.891537981258886836e+00
2.975341571827232023e+00
4.484402385594923324e-01
5.700496511454086201e-01
2.548441244786620263e+00
1.087409196870568806e+00
6.270217953055772231e-01
6.817621084212065474e-01
1.640419257785338258e-01
1.722729661092658793e+00
4.957761485964947701e-01
7.039792954236803180e-01
2.613219346583376179e+00
8.131201117302006010e-01
1.043983017782645462e+00
1.635535500015775412e+00
2.598573305828882685e+00
2.336468867195308441e+00
1.217720036199343436e-02
2.575785039444849378e+00
2.792726447401412404e+00
1.242804323301159197e+00
2.555694704846332321e+00
2.360103894686508053e+00
7.483912975553319580e-01
1.940767479391340977e+00
1.368622510633280553e+00
6.157302566414144529e-01
5.190854123254354802e-01
2.026641497216608467e+00
1.000856013775764275e+00
2.972472480433808961e+00
2.157282344419430009e-01
2.009115093729482382e+00
9.674178168826865765e-01
2.654315163693521384e+00
1.397896733656270429e+00
2.033614622354294799e+00
5.157252220379493490e-02
2.903926939837744747e+00
7.642427588063687161e-01
2.236360468753283648e+00
1.938276106340263372e+00
3.207819788357597623e-01
1.189067465354745501e+00
8.218011219860348326e-01
2.813380519260791690e+00
2.217819167846744932e+00
1.662458719523267847e+00
1.290938806988910059e+00
1.781099980979038877e+00
2.088635365418204604e+00
2.542680886434988796e+00
2.946035395216371811e+00
4.891480093100345483e-01
1.308304848087407990e+00
1.888552071510266162e+00
1.475573607482839389e+00
1.187472268326645430e+00
1.354919292450308177e+00
2.935577033727940766e+00
9.983607827227103382e-01
1.454260518649691303e+00
2.699186722574617558e+00
1.600093971277437355e+00
7.141918648638139189e-01
2.127055574299675289e+00
2.948477366523765575e+00
2.814012737974574963e-01
2.787706696002666185e+00
2.327517999068293708e+00
2.365577102581381208e+00
2.158654569872513473e-01
2.518565834119281810e+00
1.464328515935770181e+00
1.769772231428631271e+00
2.614978738013580273e-01
1.240949028277293920e-02
9.586437098631902520e-01
1.260627545430987206e+00
3.584519237054807350e-01
9.758128598036394097e-01
1.078461397125367593e+00
6.640945814602239317e-02
9.866405727530511705e-01
6.371237425789739728e-01
2.893183864223373369e+00
2.647024118841069029e+00
1.801298584386763491e-01
2.938368780302649697e+00
1.447145317422763977e+00
3.240253594088304823e-01
1.681974526368889444e+00
2.068845388882667446e+00
2.608969949790633791e+00
1.751291261443364000e-01
2.705722636430331285e+00
2.900218775356247392e+00
3.908411649078723515e-01
3.091499916058705333e-01
1.058976816783978592e+00
2.047829636312635149e+00
4.933987282582986689e-01
6.602874244864420650e-02
1.532940727491812982e+00
1.282926203216586458e+00
2.635614982994896494e+00
2.580209031730415603e+00
8.766654484541369641e-02
1.997534619954755453e+00
1.864770853831563269e+00
2.343523132628160255e+00
2.633265930843006863e+00
2.167477712490324393e+00
1.557902492345454082e+00
2.590528289888729851e+00
6.944732109560789457e-01
1.057441911304981996e+00
1.515707017770437481e+00
3.214350121608597899e-01
9.737230019238529710e-02
1.264292372400193543e+00
1.999350671305337945e+00
4.535438143334260541e-01
1.400339592216750972e+00
1.942417701836581800e-01
4.845900767988751134e-01
9.305388941614416431e-01
1.721828342016475943e+00
1.476000766043568557e+00
2.544124138601221441e-01
2.795507808439659403e+00
1.106603066932466906e+00
3.247924220627351755e-01
1.587798455818391075e-01
1.695632840483895398e+00
1.459805013875326019e+00
6.630719695245634870e-02
6.921756931140620184e-01
1.289650796348730921e+00
8.973782584422872466e-01
2.747817254551273791e+00
6.174217415468218340e-01
2.666754202045106492e+00
4.072938808313769643e-01
2.728305564721216658e+00
1.997963921849484015e+00
1.500391017502282764e+00
1.533861437725222654e+00
2.749870305035186036e+00
7.536225906630831251e-01
1.567816551239234357e+00
1.218626162813281955e+00
2.885791459486345190e+00
6.640351411078827537e-01
2.960137811050184808e+00
1.746097763764421718e+00
1.055268059254939939e+00
1.458030690886749525e+00
2.282879092066032456e+00
1.006382561448821322e+00
1.808840011165727901e+00
2.999537807879305795e+00
7.740849917637675492e-01
2.366361657333969415e+00
1.997362010648699560e+00
1.186103510281947049e+00
1.646886731048107233e-01
1.609379953768820259e+00
1.559705973030442117e+00
2.205229488140829197e+00
1.773769448146961469e+00
1.424557426010635730e+00
1.541545427330258455e+00
5.143476409216203304e-01
7.832207457725655075e-01
5.568261932906251044e-01
2.240266386285396205e+00
1.161577844451508579e+00
1.868519374891953522e+00
2.477572887369598575e+00
1.265875775006379378e+00
2.428919827268778420e-01
8.020264528743629162e-01
2.504404296207323632e+00
2.587383747908909903e+00
1.673288867951105541e+00
7.073254760589401391e-01
2.751950430535274883e+00
2.983096274525216529e-01
8.150162154377700308e-01
2.256302557674359832e+00
2.726527796038986651e+00
1.432105918326764371e+00
6.128840577126438705e-01
9.196793379671402979e-01
2.149198912351760971e+00
4.661176862237065288e-01
4.166713733729838776e-01
7.071362672004685157e-01
1.539671172083516559e+00
2.419155423419701023e+00
2.351181604098596445e+00
1.781511095330087668e+00
1.027073501940947153e+00
3.401932537431543446e-01
1.024204892184986004e+00
2.712023870237486811e+00
1.091509243139843655e+00
2.127387463813503743e+00
3.289132880074527865e-01
1.139845704523916758e+00
1.878945761181151308e+00
2.331720756133254024e+00
2.561632334725173266e+00
8.162973824679315982e-01
1.747896709474882737e+00
9.736736594582419135e-01
3.252058709118588187e-02
1.807560177035029136e-01
4.823266434326912711e-01
1.094123201355926778e+00
1.526944632133792279e+00
4.681035145581239343e-01
3.641704518185722161e-01
1.229051127278824929e+00
2.578715710099471536e+00
2.538226713214338792e-01
1.916736090253373437e+00
2.223374616029126560e+00
1.272178439516096216e+00
4.608034462818018095e-01
2.691958155802800068e+00
2.962337095199527592e-01
