4.864181825409876203e-01 2.733630953060016688e-01 7.266369046939897824e-01
2.937401225406923166e-01 7.881642751821806426e-06 9.999921183572408889e-01
8.848080196535802466e-01 4.295754263138209517e-01 5.704245736861826011e-01
1.922729599398586842e-01 -1.308309383421747996e-34 9.999999999999977796e-01
8.708079551918572747e-01 3.384731851273092285e-01 6.615268148726822783e-01
6.050270140576182731e-01 5.811543247067679080e-02 9.418845675293140429e-01
7.223859335166316065e-01 3.670808392535611642e-01 6.329191607464405012e-01
4.318798467384284828e-02 5.832868267229755800e-35 1.000000000000002220e+00
8.779827470565727543e-01 2.151190233682231667e-01 7.848809766317701442e-01
7.777184850607724576e-01 3.984104307874977158e-01 6.015895692124946237e-01
8.785517005286478387e-01 4.794716874221391922e-01 5.205283125778379372e-01
6.245575599236125042e-01 1.357519160010505396e-34 1.000000000000001332e+00
3.992214158454551742e-02 -3.123730942649372356e-34 9.999999999999990008e-01
4.679456841253896715e-01 2.754640756277771328e-30 9.999999999999891198e-01
5.896149542729215431e-01 1.446006333000477575e-34 9.999999999999997780e-01
1.697897669837632739e-01 -1.750296360727293248e-35 9.999999999999991118e-01
4.911105981614851124e-01 2.113850792968625103e-01 7.886149207031412089e-01
8.383059852013987623e-01 1.159351133172927123e-01 8.840648866827033325e-01
9.276380511546382657e-01 2.632126608264765411e-01 7.367873391735181299e-01
2.730495806490150223e-01 -7.479588243535739141e-34 9.999999999999938938e-01
2.334905304585471741e-01 -1.525283653505693610e-34 9.999999999999982236e-01
2.564678193508033721e-01 -1.990778345034015440e-34 9.999999999999968914e-01
7.767712249636222754e-01 4.025836084374437296e-01 5.974163915625477772e-01
1.705442476784050643e-01 -3.506090858371737358e-34 9.999999999999968914e-01
3.798831963621189800e-01 -5.612937642482118927e-34 9.999999999999944489e-01
5.841738292141065436e-01 2.647131589252776362e-01 7.352868410747287475e-01
8.637073230945069291e-02 1.222667782904611092e-34 1.000000000000001776e+00
3.874545812336220585e-02 -3.695573769682208611e-34 9.999999999999963363e-01
5.867429740320093678e-01 1.012487037726388848e-28 9.999999999999881206e-01
5.376649894548036768e-01 1.431833107241228462e-02 9.856816689275730292e-01
4.062275904595766263e-01 -2.066424032463547803e-33 9.999999999999824585e-01
7.228354657165958486e-01 3.658015546944612950e-01 6.341984453055017346e-01
3.248313494180015137e-01 -5.344167827091222253e-34 9.999999999999951150e-01
6.935119340779517527e-01 4.195499287690566351e-04 9.995804500712179852e-01
2.487284490731058173e-01 -2.667376379385651603e-33 9.999999999999757971e-01
2.265414466246637448e-01 -3.010045421398591674e-34 9.999999999999968914e-01
4.354824983330926602e-01 -1.030805227218393148e-33 9.999999999999904521e-01
3.118967866684577150e-01 6.857642111131195408e-36 9.999999999999998890e-01
3.534624219802167122e-01 -2.423773644349717364e-33 9.999999999999805711e-01
2.520162072583274071e-01 5.541142326196264951e-35 1.000000000000000000e+00
1.710313879072697385e-01 -6.683013217306250218e-35 9.999999999999997780e-01
4.740770233048362953e-02 -1.048832982083254275e-34 9.999999999999986677e-01
5.068707765075420868e-01 1.007683369579669141e-01 8.992316630420347234e-01
4.143241610844695250e-02 -2.099908541897115840e-34 9.999999999999982236e-01
5.961537663150092703e-01 1.455748745158855773e-01 8.544251254840795617e-01
3.271988412207684216e-01 1.360987348745036102e-35 9.999999999999984457e-01
3.268053925501287482e-01 -2.046669038852447154e-34 9.999999999999998890e-01
1.528808896163293130e-01 -9.856723311973737455e-34 9.999999999999914513e-01
7.757386459418089686e-01 4.077177117732183609e-01 5.922822882267854139e-01
4.667491960810686291e-01 2.206185337205364971e-01 7.793814662794693593e-01
8.532886053234912949e-03 -7.704052225181151610e-37 9.999999999999988898e-01
7.586622910304723355e-01 2.918729899427314201e-01 7.081270100572734094e-01
8.531915926137333406e-01 1.967231403783646637e-01 8.032768596216337542e-01
7.634120632107638249e-02 -2.300937178693473162e-34 9.999999999999974465e-01
9.405305967799311440e-02 -3.101376474744293153e-34 9.999999999999970024e-01
2.588667433770153736e-01 -2.437081821256188756e-34 9.999999999999970024e-01
4.913067085067607809e-01 -3.140193783036866495e-34 9.999999999999974465e-01
5.772662605174094796e-01 3.206160887450228425e-01 6.793839112549834303e-01
7.083966336218522342e-01 1.569353386899877944e-15 9.999999999999906741e-01
1.587652620018656091e-01 5.801460220115293272e-35 1.000000000000000888e+00
8.176430624718442619e-01 2.223601161201838039e-01 7.776398838798269653e-01
4.649414456403350160e-01 -6.068306412309573810e-35 1.000000000000000666e+00
8.064803087040900431e-01 1.018226765353378342e-05 9.999898177323460757e-01
2.531279279930011006e-01 -1.017827015837111799e-33 9.999999999999905631e-01
3.861893801591010367e-01 -1.394344081552357662e-33 9.999999999999878986e-01
7.032291507321965229e-02 -7.574036226544829458e-36 9.999999999999997780e-01
5.602147790567143515e-01 3.060326278007094447e-01 6.939673721992464239e-01
1.870621159809014722e-01 -1.145435227080393541e-33 9.999999999999898970e-01
1.852631355387431844e-01 -5.742260050422047965e-34 9.999999999999944489e-01
1.794829453942356767e-01 -1.032875750665698981e-33 9.999999999999914513e-01
4.003587332795615072e-01 1.827984171588667401e-25 9.999999999999813483e-01
9.719919842349120653e-01 5.727602925084039898e-01 4.272397074916074455e-01
1.214651314303810403e-01 -1.373735527162479261e-33 9.999999999999868994e-01
8.584434842926359777e-02 5.078702476441263151e-34 1.000000000000003331e+00
2.080271077997954965e-01 -2.802819836424184663e-34 9.999999999999997780e-01
8.088900382756514240e-01 4.155425238415360600e-01 5.844574761584621081e-01
1.658846513702459391e-01 -1.184898305628865808e-34 9.999999999999978906e-01
6.067784800572858517e-01 2.685792881173814650e-01 7.314207118826000498e-01
7.687543378538597150e-01 3.333030869302570642e-01 6.666969130697550927e-01
2.198085149411405925e-01 -7.417024391987591721e-34 9.999999999999918954e-01
8.802740325444043945e-01 4.578844126187885388e-01 5.421155873812235626e-01
4.385361719405425074e-01 -2.183614328480574272e-34 9.999999999999988898e-01
8.696707934542703342e-03 2.345124380890004317e-35 9.999999999999983347e-01
3.232585844613719006e-01 6.150509984099669613e-35 9.999999999999987788e-01
4.235466356606700233e-01 2.249017614993096548e-01 7.750982385006748299e-01
3.979300869641481664e-01 3.874928739494962859e-34 1.000000000000004663e+00
1.564901126070047388e-01 -1.421652550015998390e-34 9.999999999999995559e-01
2.094016071827287384e-01 -1.453125386980345078e-34 9.999999999999998890e-01
7.166862591819570527e-01 2.613319966994310795e-01 7.386680033005466051e-01
6.737744090442507883e-01 2.887697771675976077e-01 7.112302228324068887e-01
2.428909125778191125e-01 -9.826821790199825178e-36 9.999999999999987788e-01
8.628350332572885806e-02 -1.568952396256479748e-34 9.999999999999993339e-01
1.505571063091466211e-01 -9.134759414263565092e-36 9.999999999999998890e-01
1.824445732389619879e-01 -8.601846486396014824e-34 9.999999999999924505e-01
1.073629231725272970e-01 -2.152239585595340675e-34 9.999999999999983347e-01
6.938281824469427761e-01 3.261696303804593805e-04 9.996738303696146577e-01
5.651282774578989532e-01 -1.509159695844890390e-33 9.999999999999865663e-01
5.985293061822105631e-01 3.288230634425949317e-01 6.711769365574002943e-01
3.024542224116913425e-01 7.234575477018797115e-33 9.999999999999965583e-01
7.152893545638022710e-01 2.640805492295080215e-01 7.359194507704706067e-01
9.223684183231980471e-01 4.902162708790657741e-01 5.097837291209615929e-01
7.500685550535515222e-01 3.787323732169883828e-01 6.212676267830348209e-01
1.580699755428425224e-01 -8.764485879730975659e-34 9.999999999999911182e-01
6.355384885973452969e-01 8.780818602116749590e-25 9.999999999999860112e-01
6.690441416272697728e-01 -1.114798981327578784e-34 9.999999999999977796e-01
8.142697945868645482e-01 8.254389653477607613e-02 9.174561034652174429e-01
5.069749549133442112e-01 -3.272551946864672592e-33 9.999999999999705791e-01
8.838216719451863490e-02 -8.128077792111706485e-35 9.999999999999994449e-01
7.577022798129204317e-02 3.223997141946762835e-35 9.999999999999988898e-01
4.266781254060542650e-01 -7.371373622681840148e-34 9.999999999999936717e-01
8.790042422468827832e-01 4.712788301316200301e-01 5.287211698683691452e-01
2.388721261247411520e-01 -1.402396032618948966e-34 9.999999999999981126e-01
8.557438601733594608e-01 3.823537550386470474e-01 6.176462449613441263e-01
7.721961903189205056e-01 3.262630996231278280e-01 6.737369003768778342e-01
2.197389774748722546e-01 3.049235207772218708e-35 1.000000000000000666e+00
8.700733228654019755e-03 7.289014811635915724e-36 9.999999999999997780e-01
4.725841223999784901e-01 -1.545287956513245907e-33 9.999999999999860112e-01
4.514600996416850975e-01 2.582228402845723192e-01 7.417771597153942631e-01
6.512843888406375514e-01 2.293831067727476469e-01 7.706168932272483563e-01
3.204849843495160555e-01 1.908852894809789781e-34 1.000000000000002442e+00
8.699778411791007915e-02 -5.448966024411842647e-35 1.000000000000000000e+00
1.976933890082887280e-01 -2.238032863544718284e-33 9.999999999999801270e-01
8.444064531067523305e-01 4.257789059557945399e-01 5.742210940441861977e-01
1.587986606466509909e-01 -1.078456224119649071e-34 9.999999999999997780e-01
3.024079064071507617e-01 -2.185077363859136223e-35 9.999999999999992228e-01
2.562621180020410172e-01 -2.354718111464197101e-34 9.999999999999987788e-01
2.264084840276584243e-01 -9.924205495706240143e-34 9.999999999999910072e-01
7.601551939962870597e-01 3.519504542053844554e-01 6.480495457946203741e-01
7.298280118189898191e-01 3.483421781916055116e-01 6.516578218083839413e-01
3.944331791100279538e-01 -1.818683183446690472e-33 9.999999999999830136e-01
3.017404439361766055e-01 1.072169530358587419e-30 9.999999999999885647e-01
6.881307031351845127e-02 -3.866170928437258125e-35 9.999999999999998890e-01
8.839450616655313286e-01 1.869047103139178101e-01 8.130952896860841328e-01
4.455114699903945374e-01 2.207290605986080845e-01 7.792709394013894730e-01
2.516206118789453550e-01 -3.000429521688734579e-36 9.999999999999997780e-01
1.079228121364232129e-01 -3.771301256821104083e-34 9.999999999999967804e-01
5.733495050172862095e-01 2.382411169206557211e-01 7.617588830793510235e-01
9.841357434834561990e-02 -1.734718084648948617e-34 9.999999999999991118e-01
9.455969517884120767e-01 3.468768155932053787e-01 6.531231844068005055e-01
6.266577840583498205e-01 2.781732555305481136e-01 7.218267444694268509e-01
3.876070501674476199e-01 -8.870794520120235217e-34 9.999999999999932276e-01
5.839234174874674554e-01 2.651571164521646096e-01 7.348428835478210130e-01
9.007506834630207848e-02 -5.570667522104595399e-35 9.999999999999988898e-01
4.282993504531178997e-01 -4.278899947223774788e-35 9.999999999999984457e-01
2.404006181849736856e-01 -3.677597021781768586e-35 9.999999999999998890e-01
9.234091865430202883e-01 4.784666681950065503e-01 5.215333318050087152e-01
6.272324264702499041e-01 3.230067450257802508e-01 6.769932549742204708e-01
3.981247822494263233e-01 2.401939605480496454e-01 7.598060394519127181e-01
8.356557654432033022e-01 1.359617116258722835e-01 8.640382883741299924e-01
6.757007301169517532e-01 5.210438395943805385e-35 9.999999999999998890e-01
4.525661944632381473e-01 -1.646348574673032518e-34 9.999999999999983347e-01
4.003245827282039260e-01 2.253883131472847687e-25 9.999999999999882316e-01
5.826587580894533325e-01 -5.235531074204884718e-34 9.999999999999963363e-01
1.559040834730482106e-01 5.435445568030939118e-35 9.999999999999998890e-01
7.129059308138925299e-01 2.008684704461304316e-01 7.991315295538685692e-01
2.839460544071695236e-01 -1.846272144684800760e-33 9.999999999999847899e-01
3.803003443919934501e-01 -3.462664791680958439e-35 9.999999999999994449e-01
2.662000777009483621e-02 -4.314645167498697359e-35 1.000000000000000222e+00
6.178000315875024073e-01 3.448397338374415422e-01 6.551602661625416379e-01
2.440485167065140071e-01 -1.440554247135008783e-33 9.999999999999878986e-01
4.549227458919391509e-01 -5.525057873769659846e-34 9.999999999999957812e-01
1.937786177284626377e-01 -9.062237191560555377e-34 9.999999999999920064e-01
1.904459741449772148e-01 9.063641124332355143e-37 9.999999999999998890e-01
7.765019586125048168e-01 3.176268323028126339e-01 6.823731676971733773e-01
8.505490610415491481e-01 3.998276494715480855e-01 6.001723505284521920e-01
9.269667741668438099e-01 2.662916680580076911e-01 7.337083319419911431e-01
7.102749542170896935e-02 -3.594383035340845834e-34 9.999999999999970024e-01
5.506387430793052706e-02 -2.918838228828290589e-34 9.999999999999967804e-01
5.166472027232072994e-01 -1.164657138688421670e-33 9.999999999999907851e-01
5.475581456312773598e-01 2.431717384466160203e-01 7.568282615533538094e-01
8.909105820822543764e-01 2.794835613980345412e-01 7.205164386019673461e-01
9.735372946719306197e-01 5.176099633489953389e-01 4.823900366510162074e-01
7.530784150061077264e-01 3.697292506512130372e-01 6.302707493487595958e-01
2.934843872036994594e-01 -4.556813831810993384e-34 9.999999999999955591e-01
3.924211888534744341e-01 1.775907850217399458e-35 9.999999999999996669e-01
2.578269045825561934e-01 -8.606476798457162256e-34 9.999999999999922284e-01
6.007908912245030209e-01 -1.096133139626990439e-33 9.999999999999904521e-01
6.289357170336574709e-01 2.212963886843978545e-01 7.787036113155911821e-01
2.872135048941888424e-01 -1.121506429659188777e-33 9.999999999999892308e-01
2.629999869220616682e-01 -2.634983636317100974e-33 9.999999999999756861e-01
7.438771574000663245e-01 3.196858413790620301e-01 6.803141586209522362e-01
9.728147035471779169e-01 5.342220977409711802e-01 4.657779022590384788e-01
5.135619427033132345e-01 -2.989008385032718682e-34 9.999999999999976685e-01
2.758893046813371552e-01 -1.406236188824134270e-33 9.999999999999874545e-01
8.349541981793594594e-03 6.307810169760032243e-35 1.000000000000005773e+00
5.659283291923165038e-01 7.438095301103947151e-04 9.992561904698662456e-01
7.029663781531634292e-01 3.519257337544991539e-35 9.999999999999996669e-01
8.288377113128142515e-02 -4.268042615055897295e-34 9.999999999999980016e-01
7.999473571787260595e-02 -2.485588590501948289e-35 1.000000000000001332e+00
8.453853124708223810e-01 3.122416217030724583e-01 6.877583782969375337e-01
2.665340883164738980e-02 -1.319469311377431640e-34 9.999999999999997780e-01
7.430558182532621680e-01 -4.342603307844892200e-34 9.999999999999955591e-01
3.000674052692475224e-01 -9.721676785090709263e-34 9.999999999999933387e-01
1.685761319822276227e-01 -1.126801376008241095e-34 9.999999999999998890e-01
8.132197160385984391e-01 -4.878202318381311787e-35 9.999999999999996669e-01
4.322467190061053399e-01 -1.062487933781411763e-34 9.999999999999991118e-01
4.487288826873422343e-01 2.087841414200868884e-01 7.912158585798916288e-01
9.424594643918728781e-03 -8.866724463462936056e-36 9.999999999999996669e-01
3.819504955286560088e-01 -4.792546266564588839e-34 9.999999999999971134e-01
3.947331522780549995e-01 -1.246685815033896555e-33 9.999999999999885647e-01
5.730365817829267128e-01 3.304105889256431783e-01 6.695894110743486616e-01
4.804842840649333757e-01 2.839970856774059471e-01 7.160029143225841164e-01
4.322623493330850497e-01 -5.446464822939173790e-35 9.999999999999992228e-01
1.832059830215168050e-01 8.723400322851095446e-35 1.000000000000000666e+00
8.729282258686837936e-01 2.623112318713897069e-22 1.000000000000001776e+00
3.423422810807608130e-01 -1.807655368919439714e-33 9.999999999999855671e-01
9.528882132779124825e-02 -4.992162812502236361e-34 9.999999999999945599e-01
7.523398764060478250e-01 -4.463069589414837818e-35 9.999999999999998890e-01
2.394747022853463067e-02 -1.224479354532528028e-34 1.000000000000000000e+00
5.579246044772397939e-01 5.588012205598972900e-22 9.999999999999977796e-01
4.067480214879569678e-01 2.655259765892907797e-01 7.344740234107038912e-01
2.321285775196765822e-01 -9.752716026695218684e-35 1.000000000000000666e+00
7.761035791289608854e-01 3.184163248816852532e-01 6.815836751182839937e-01
9.749038540714026757e-01 4.928576764622018547e-01 5.071423235378108574e-01
3.213675201698762418e-01 -5.038785634502551282e-34 9.999999999999964473e-01
4.821317692816646794e-01 1.756953743972930871e-12 9.999999999982285281e-01
8.904398453640411937e-01 6.106930647042325313e-08 9.999999389306925002e-01
6.941547440559184823e-01 3.019536889370614818e-01 6.980463110629305801e-01
2.085384254098649193e-01 -3.641944491690611644e-34 9.999999999999963363e-01
1.509478219376969854e-01 -3.767956016248072621e-34 9.999999999999972244e-01
2.853855032062867503e-01 -1.438739029351821165e-34 9.999999999999978906e-01
8.887436705009842466e-03 -3.266749726518886556e-35 1.000000000000000000e+00
3.961548039249387365e-01 -1.290847389379748489e-33 9.999999999999871214e-01
8.540553452873646256e-02 1.176838062128843454e-34 9.999999999999998890e-01
5.792282457887307778e-01 3.165464144491498266e-01 6.834535855508517832e-01
8.940898047904022317e-01 3.901603751936328357e-01 6.098396248063721048e-01
7.539919421951539746e-01 3.672537183044561337e-01 6.327462816955604641e-01
8.071913201107122626e-02 -1.279488412202053195e-35 9.999999999999997780e-01
6.430461817792365586e-01 -1.461226775772052331e-34 9.999999999999980016e-01
2.875121739006683552e-01 7.454627061931761816e-35 1.000000000000001332e+00
4.949747605367628145e-01 -1.508898148354230307e-33 9.999999999999860112e-01
5.015257762842735278e-01 2.442307445192352378e-01 7.557692554807494689e-01
4.543992822835505874e-01 -1.513058032036941490e-33 9.999999999999865663e-01
8.741656947237413933e-01 8.672956626711449139e-36 9.999999999999998890e-01
1.335432990431668077e-01 -1.928231343076662850e-34 9.999999999999985567e-01
5.973095295535978400e-01 3.317011034081374099e-01 6.682988965918524871e-01
7.449701479605160825e-01 3.993475678083984737e-01 6.006524321916102416e-01
3.308056763916372156e-01 6.466940800785409789e-35 1.000000000000000222e+00
3.434237930043432807e-01 -1.124583041772167505e-34 9.999999999999986677e-01
4.872795114084781942e-01 -1.483093488125628190e-34 9.999999999999990008e-01
2.083141078277402636e-01 -1.676640023536513441e-33 9.999999999999854561e-01
3.681200881058090957e-01 2.082901058090173008e-01 7.917098941909861409e-01
3.255990625527215854e-01 5.084109623086065462e-35 9.999999999999997780e-01
8.785979870633215949e-01 4.782380412909981726e-01 5.217619587090044364e-01
6.804610473163842654e-02 -7.570035662912519104e-34 9.999999999999922284e-01
3.690454373082556749e-01 1.771694001601769913e-04 9.998228305998229093e-01
6.542825734646092739e-01 4.310854902748202007e-34 1.000000000000002442e+00
5.800361256670425458e-01 2.209553765316050467e-01 7.790446234684011984e-01
8.203619615324457826e-01 3.138065966770609005e-02 9.686193403322850282e-01
3.687393259913330223e-01 -6.802302888102452523e-35 1.000000000000001776e+00
2.714762523455908627e-01 1.008510581208432512e-35 9.999999999999998890e-01
3.552152229407335993e-01 -7.948647514682751236e-35 1.000000000000000222e+00
7.692931535280907347e-03 9.753244092313374667e-35 9.999999999999983347e-01
8.808436346501260505e-01 4.533451366113578906e-01 5.466548633886300079e-01
4.259385930516128571e-01 -2.542161330587689514e-33 9.999999999999753530e-01
4.758175121357347548e-01 2.522067079622388186e-01 7.477932920377754478e-01
1.849010596692592379e-01 -8.532235796070116394e-34 9.999999999999938938e-01
2.821263170871536885e-01 4.201541744915691001e-34 1.000000000000003997e+00
3.911116200001000381e-02 2.227120570996630797e-35 9.999999999999991118e-01
3.059840355587308269e-01 -1.058182018174560541e-33 9.999999999999897859e-01
3.903723201881709737e-01 -2.521793081120221103e-34 9.999999999999980016e-01
4.334817097576691980e-01 1.548795866929274484e-06 9.999984512041070195e-01
4.308426746377971850e-01 -4.792909881619554493e-35 9.999999999999990008e-01
1.786736126962865101e-01 -1.873130981007193950e-34 9.999999999999985567e-01
6.986542841464249420e-01 2.941313222241835890e-01 7.058686777758028663e-01
3.080144342363747567e-01 -2.979172882724005460e-34 9.999999999999992228e-01
4.333402324183886489e-01 -1.670496864976331506e-34 9.999999999999984457e-01
6.461107857538312960e-01 -1.061997736452260368e-33 9.999999999999896749e-01
7.407327069434279654e-01 7.763492410181890027e-23 9.999999999999996669e-01
1.901378029472458875e-01 -2.116673729343717758e-35 1.000000000000000000e+00
7.883013216008897261e-01 2.941036247402110115e-01 7.058963752598065300e-01
3.940513169306419927e-01 8.502126300426469371e-35 9.999999999999994449e-01
8.712221333672702794e-01 3.373169622970042525e-01 6.626830377029979680e-01
8.903040690680357194e-01 4.049910505888808521e-01 5.950089494111262534e-01
3.006984334216412091e-01 5.679263523237964479e-34 1.000000000000004885e+00
4.232039288026711588e-01 -3.395628256764937394e-34 9.999999999999966693e-01
6.421953005952188986e-01 -3.173969171361565199e-35 1.000000000000000222e+00
8.205132928782763457e-01 3.033229921513004926e-02 9.696677007848719665e-01
7.773185111806754088e-01 4.000734442107319322e-01 5.999265557892572431e-01
7.196572332479472811e-01 3.756429264320098049e-01 6.243570735680193939e-01
6.500866762343073813e-01 -7.716577306683427821e-35 9.999999999999988898e-01
4.985937441875967213e-01 2.912371379117777992e-01 7.087628620882517883e-01
2.217038523515579285e-01 4.200616777647508478e-34 1.000000000000002665e+00
1.438822059122643604e-01 -9.232720785672926516e-34 9.999999999999906741e-01
7.247011857041818494e-01 3.607274034076911606e-01 6.392725965922888554e-01
4.706135191262422746e-01 6.048745993790833365e-34 1.000000000000006439e+00
8.128434288433772359e-01 -1.761962854417041939e-34 9.999999999999977796e-01
5.575967434761961439e-01 3.110730257939017251e-01 6.889269742061020496e-01
1.356010350685608323e-01 -5.845765572904940997e-34 9.999999999999935607e-01
4.984037581307745324e-01 1.768303303024710282e-01 8.231696696975385752e-01
9.213421776010527475e-02 -2.486639586753793321e-34 9.999999999999982236e-01
9.107478586584575320e-01 1.138907089152943809e-35 9.999999999999998890e-01
5.574862743326479686e-01 2.691816836848236472e-01 7.308183163151744655e-01
1.005973648188511343e-01 -2.724180329573003669e-35 9.999999999999998890e-01
4.786306167167286851e-01 9.027878174924701387e-08 9.999999097212094457e-01
2.292139478164824107e-01 -1.635724367192473231e-34 9.999999999999986677e-01
6.072462400297613527e-01 2.117549937997672271e-01 7.882450062002152036e-01
1.670782218909105388e-01 -1.955555644659795157e-34 9.999999999999984457e-01
3.422747012448111303e-01 -2.173039541491599352e-33 9.999999999999805711e-01
4.659465943802686416e-01 5.398381019565175187e-02 9.460161898043449868e-01
2.250652373333860701e-01 -2.025347204739010976e-33 9.999999999999830136e-01
7.752348141850937679e-01 3.756365747597142522e-33 9.999999999999996669e-01
2.707793985820504748e-02 3.982558558668575730e-36 9.999999999999994449e-01
1.477993731622120610e-01 -2.828845841641926198e-34 9.999999999999986677e-01
1.619411976459989577e-01 -7.931077770560251669e-34 9.999999999999918954e-01
1.566914474724734607e-01 -3.803031614459824492e-34 9.999999999999964473e-01
3.538183590514158428e-01 8.384300974209035566e-11 9.999999999161148789e-01
7.152354339529756189e-01 3.164054169593225607e-01 6.835945830406874313e-01
1.338643253873269545e-01 -6.410627367762622250e-34 9.999999999999942268e-01
3.692403212363966070e-01 -1.952946119117920328e-34 9.999999999999980016e-01
4.131367288964334361e-01 1.498474542994824324e-07 9.999998501525290129e-01
1.780781331210522234e-01 -8.231445456610188646e-34 9.999999999999925615e-01
9.759516940756770564e-01 4.763768715563866940e-01 5.236231284436163591e-01
5.733810338822351582e-01 2.831167522811288695e-01 7.168832477188638030e-01
9.940705373581212867e-02 -2.087291673285270220e-34 9.999999999999967804e-01
2.419782999409917645e-01 -1.289607870528956679e-33 9.999999999999871214e-01
5.290183580097888028e-01 -2.335755392348504584e-34 9.999999999999976685e-01
4.709730846420298600e-01 3.040636894966268371e-35 1.000000000000000444e+00
7.226680917044504548e-01 3.029760280070312728e-01 6.970239719929615108e-01
6.059279809666607841e-01 4.871677178562885263e-02 9.512832282143621754e-01
3.222662197654585503e-01 -1.696913577001134310e-33 9.999999999999831246e-01
9.032514487440831963e-02 -4.128847364821165469e-35 9.999999999999996669e-01
2.091169065377428138e-01 -1.324775749018915973e-33 9.999999999999876765e-01
6.028531418385656426e-01 3.196587893016236692e-01 6.803412106983692809e-01
1.747256920032039251e-01 -5.670608237183224370e-34 9.999999999999955591e-01
3.929449168565162243e-01 1.774417064106507680e-01 8.225582935893360759e-01
5.329549065334796554e-01 -1.136279083274538396e-33 9.999999999999884537e-01
6.910809233573973476e-01 3.073328510503899880e-01 6.926671489496255552e-01
5.729286597726250541e-02 -6.577175649491013628e-34 9.999999999999942268e-01
3.873957902889291205e-01 -2.667705360755595590e-33 9.999999999999774625e-01
4.375161173293971584e-01 1.465381049440867001e-01 8.534618950558888750e-01
7.914196952283338860e-01 2.145460112253876617e-01 7.854539887745931592e-01
6.663868087285237940e-02 1.826664315696139356e-35 9.999999999999994449e-01
1.893448135668914512e-01 -5.403699333642697151e-35 9.999999999999994449e-01
1.353003089755875077e-01 -7.882974255123957528e-35 9.999999999999991118e-01
9.211754237124061273e-01 5.179829809880573954e-01 4.820170190119709708e-01
3.480519774338800554e-01 -9.554418083483552865e-35 9.999999999999974465e-01
6.276551650760787693e-01 3.221833105363716698e-01 6.778166894636208362e-01
2.668612556027330496e-01 -1.461337584154048490e-33 9.999999999999863443e-01
6.864259568507107279e-01 3.156352235615287882e-01 6.843647764384731547e-01
2.158114392035994644e-01 -1.138148895215777962e-33 9.999999999999904521e-01
8.410796877398140081e-01 4.491166980633350403e-01 5.508833019366574657e-01
8.649013163010428329e-01 3.551173150041571636e-01 6.448826849958310126e-01
9.944337642793456625e-03 1.143941880688847869e-36 1.000000000000000000e+00
2.565083566771866885e-01 3.525558809777254154e-34 1.000000000000003775e+00
1.253971222724626911e-01 -2.733520397412303411e-34 9.999999999999971134e-01
2.155129017235401234e-01 5.391582658827184957e-34 1.000000000000004885e+00
4.563367585935242388e-01 1.666712733257920409e-01 8.333287266742048782e-01
5.023698371810706581e-02 -2.228707680846974662e-35 9.999999999999997780e-01
8.063367878786296128e-01 4.325883664658797811e-01 5.674116335341090611e-01
1.285389067643724903e-01 5.540430201706135159e-34 1.000000000000004663e+00
7.082030243447569040e-01 3.297263087406964166e-01 6.702736912592978102e-01
8.450688872377729588e-01 3.130060285144328214e-01 6.869939714855829438e-01
6.430371608152174456e-01 2.948256901507224081e-01 7.051743098492925244e-01
5.660694074783092500e-01 6.552295546087580184e-04 9.993447704453768399e-01
3.780367367425279124e-01 1.273216380178437135e-01 8.726783619821174565e-01
2.783078588411512511e-02 -1.235039442629320397e-34 1.000000000000000000e+00
1.683421036767517864e-01 1.298584731474828326e-34 9.999999999999994449e-01
6.902408013127074859e-01 1.856087105567954532e-01 8.143912894431852845e-01
7.557522048803957393e-01 2.973744363755717601e-01 7.026255636244309599e-01
2.686266595245301869e-01 -4.092569899267327456e-34 9.999999999999951150e-01
3.046022142042698611e-01 -3.385510415533998542e-34 9.999999999999975575e-01
5.072507385073478092e-01 -8.193994118563929675e-35 9.999999999999983347e-01
1.394101622483758796e-01 1.015586528388361047e-34 9.999999999999996669e-01
8.467169838626715794e-01 4.148635780985585053e-01 5.851364219014267842e-01
1.026987271429635196e-01 -4.691941543014176189e-35 9.999999999999987788e-01
2.278083428744727967e-01 -9.070446859394453531e-34 9.999999999999911182e-01
2.386389064588596565e-01 -3.095950819816743106e-34 9.999999999999977796e-01
5.325489960515789045e-01 3.140968028663376765e-01 6.859031971336799760e-01
9.275856295504720794e-01 4.458956696553172949e-01 5.541043303447181767e-01
1.412532095353191686e-01 -7.404235491224773723e-35 1.000000000000001998e+00
9.733237520708059032e-01 5.221172910879227080e-01 4.778827089120827876e-01
8.804129591648059971e-01 4.567173159046098441e-01 5.432826840954055880e-01
1.176861461102171186e-01 -1.029586359178559926e-34 9.999999999999994449e-01
7.517683879699899041e-01 3.735080499655284991e-01 6.264919500344572345e-01
7.872381017620605492e-01 6.888232724563027282e-12 9.999999999931106220e-01
9.226399696423467356e-01 4.868482655937053094e-01 5.131517344063478703e-01
4.362148130592823914e-01 -1.193308118337671411e-35 1.000000000000000000e+00
3.391948479596409993e-01 6.294931451544621038e-26 9.999999999999588107e-01
8.180513376569976680e-01 4.921415140683368938e-02 9.507858485931722781e-01
7.448758312029943873e-01 3.998912154230214178e-01 6.001087845769622620e-01
8.377055032164953952e-02 -9.622898764327344133e-35 9.999999999999991118e-01
4.659811505035415524e-01 -3.492792220519715957e-34 9.999999999999954481e-01
7.691997881359832236e-03 -1.698587522202945117e-35 9.999999999999987788e-01
4.593749596544193237e-01 2.411716781717018199e-01 7.588283218282827480e-01
2.481897633165321138e-01 2.874626914801644225e-34 1.000000000000000222e+00
5.283161349420210096e-01 -7.529116048931669852e-35 9.999999999999987788e-01
8.005153635136754917e-03 8.525059690307700453e-35 1.000000000000000000e+00
5.029685855319760979e-01 1.537027992272203472e-09 9.999999984629550642e-01
2.562055734555416797e-01 -2.815989494725238962e-34 9.999999999999975575e-01
6.204419349037350040e-01 3.378231943634977807e-01 6.621768056364834010e-01
9.285099508571493798e-01 4.399457638305009910e-01 5.600542361695205473e-01
5.351182514676513513e-01 -7.447787935406215987e-35 9.999999999999996669e-01
5.265023442677810861e-01 -1.915789240393822126e-34 9.999999999999972244e-01
8.975822150931902013e-03 6.054148615188392870e-35 1.000000000000000000e+00
5.306811144792883406e-01 1.418532448497959054e-34 1.000000000000001998e+00
7.135828444901374246e-01 1.983379314320885267e-01 8.016620685679018976e-01
2.456435795233094521e-02 4.451618137539973877e-35 9.999999999999996669e-01
5.946869010340961603e-01 3.383441034105428846e-01 6.616558965894671074e-01
1.637761910140669019e-01 1.295694997841876643e-34 1.000000000000000888e+00
1.854485680684520854e-01 -1.011620215405866780e-34 9.999999999999990008e-01
7.509993227043820774e-01 3.757940419192299930e-01 6.242059580807701735e-01
7.077000851881553034e-01 2.181256529019657553e-01 7.818743470980191734e-01
3.768329340361598057e-01 9.408906698304093141e-19 9.999999999999719114e-01
5.881248019833027474e-01 3.000904429880169033e-01 6.999095570119761023e-01
5.488157545600119702e-01 1.424224694396486190e-01 8.575775305603513532e-01
6.729128448664458695e-01 3.425376740333314629e-01 6.574623259666814157e-01
1.063079201110912336e-01 -1.719567538805319874e-34 9.999999999999986677e-01
6.653554162845248809e-01 3.631480502515364583e-01 6.368519497484659286e-01
8.982509440387911881e-02 -6.396245166895726388e-36 9.999999999999997780e-01
7.294399055958452616e-01 2.328638457862832745e-01 7.671361542137251632e-01
3.716861010421982359e-01 3.358623400897963542e-07 9.999996641376410755e-01
6.499246890303796986e-01 -9.559037436955401862e-34 9.999999999999921174e-01
1.248611351395831764e-01 5.936832292493252990e-35 9.999999999999988898e-01
7.755584216820115007e-01 4.086716561189985275e-01 5.913283438810079673e-01
8.452185805262921736e-01 4.217256915231857861e-01 5.782743084768174890e-01
5.735367741377752626e-01 3.291896811601043304e-01 6.708103188399088257e-01
2.500132540348212196e-01 -1.354276488412250207e-33 9.999999999999854561e-01
8.574523778679618013e-01 3.770365649945120468e-01 6.229634350055017755e-01
5.676610392855692133e-01 -3.348984126659812226e-35 9.999999999999984457e-01
3.320238942011025651e-01 -2.863651909243291341e-33 9.999999999999730216e-01
3.466270269454152508e-01 -2.572278859484000304e-33 9.999999999999769074e-01
9.804550661623026020e-01 4.126117986025887863e-01 5.873882013974085492e-01
2.270665267099537532e-01 -7.800656884500309576e-34 9.999999999999918954e-01
2.228577417530985538e-01 4.605042113642587217e-35 9.999999999999994449e-01
2.787859107112504731e-01 6.202433289283619341e-34 1.000000000000004663e+00
5.869114483201384180e-01 7.547937097875573320e-03 9.924520629021369444e-01
3.730365535458722848e-01 -4.118343022902576828e-34 9.999999999999965583e-01
2.325344628124668273e-02 9.451722002628802551e-35 9.999999999999991118e-01
3.033364643673969185e-01 5.895442204115487527e-39 9.999999999999994449e-01
4.368177288832485461e-01 -1.187152146097095094e-33 9.999999999999896749e-01
6.268957573910178827e-01 -4.950411639777401660e-34 9.999999999999958922e-01
9.719897921168889621e-01 5.734767749065848852e-01 4.265232250934021252e-01
4.697374958016305863e-02 -4.962056384514833167e-35 9.999999999999996669e-01
3.736381596892330292e-01 -2.335693882971998736e-33 9.999999999999771294e-01
8.831881463128507526e-02 -8.413643898379070499e-34 9.999999999999928946e-01
4.621496624298708777e-01 2.780913307684026448e-01 7.219086692315731524e-01
4.905834776830804433e-02 -7.122225340450164238e-35 9.999999999999995559e-01
4.827363682077679963e-01 1.469091527304353455e-13 9.999999999998543387e-01
9.761839382889332672e-03 1.669449384754973378e-35 1.000000000000000000e+00
5.356456422365087899e-01 3.076331632155209217e-01 6.923668367844760807e-01
8.934505851223905060e-01 -1.747903492429640221e-35 9.999999999999998890e-01
1.745194258196328951e-01 -3.579954472555091376e-34 9.999999999999956701e-01
9.856806030763662352e-02 1.564252287208807650e-34 9.999999999999998890e-01
2.484903169890593719e-02 -1.628073488722700996e-34 9.999999999999981126e-01
8.369212947336819586e-02 -2.227477501697895768e-34 9.999999999999974465e-01
2.571344813769773155e-02 -9.443237290025602259e-36 9.999999999999964473e-01
6.532873932077664092e-01 -9.162345381079956576e-35 9.999999999999995559e-01
5.215571389047708450e-01 2.494125442441520180e-01 7.505874557558511739e-01
2.084804917194994500e-01 -2.075832541314732003e-34 9.999999999999970024e-01
6.774349856014851845e-01 5.900366336374275901e-35 9.999999999999993339e-01
2.316492620197533603e-01 -4.097980420752664248e-34 9.999999999999952260e-01
8.804490089446970202e-02 -3.079555455479091597e-34 9.999999999999978906e-01
4.498287490434583202e-01 3.469761644326967674e-03 9.965302383556613464e-01
1.227821996287659506e-01 -1.056757272390382505e-33 9.999999999999910072e-01
5.029332964690773622e-01 2.410393063105435718e-01 7.589606936894436329e-01
6.299138171777619588e-01 3.178302857930187519e-01 6.821697142070097808e-01
2.314064995832280924e-02 -2.431403439716638344e-35 9.999999999999994449e-01
1.984682355096300255e-01 -4.020789179396339240e-35 9.999999999999993339e-01
7.935702555922616863e-01 -3.551318705899989309e-35 9.999999999999994449e-01
2.299498187687512574e-01 -3.795156068507697236e-34 9.999999999999958922e-01
9.169188951465032100e-02 -2.653561286363247896e-34 9.999999999999977796e-01
4.269408703624582579e-01 1.160082136627603251e-34 1.000000000000000888e+00
1.388426854304989633e-01 -5.803786868865952381e-34 9.999999999999947820e-01
2.435315812778613698e-01 -2.660034605227703492e-34 9.999999999999984457e-01
2.147374002682296834e-01 -4.017259471465437789e-34 9.999999999999965583e-01
4.503491032379973169e-01 6.737938222436101532e-36 1.000000000000000222e+00
6.207183491914075590e-01 1.458842434431500967e-01 8.541157565568505694e-01
5.121301495359782407e-01 1.145988258828280274e-25 1.000000000000003997e+00
5.174863375033942337e-01 1.946119763327389396e-01 8.053880236672646964e-01
2.365444207009383681e-01 -7.219395921318445175e-34 9.999999999999931166e-01
6.211155547327444904e-01 3.362355030652088295e-01 6.637644969347932244e-01
6.017417501491583165e-01 3.219459144857036437e-01 6.780540855142841439e-01
6.768744484913903348e-01 3.339527599005597258e-01 6.660472400994532638e-01
5.340935036858105445e-01 1.572836961745879083e-22 9.999999999999882316e-01
1.438449535098084708e-01 -8.120780161309292565e-34 9.999999999999934497e-01
7.464371902310349416e-01 3.921570469025285055e-01 6.078429530974645001e-01
8.407411242912207205e-01 4.533593395581860808e-01 5.466406604418133641e-01
3.717449041183538139e-01 -1.312454534639908779e-35 1.000000000000002887e+00
4.651534659597651028e-02 -1.351939883677133856e-34 9.999999999999991118e-01
1.116880447441161578e-01 -2.278065189480463241e-34 9.999999999999973355e-01
6.034686775266755177e-02 9.802790494339465898e-35 9.999999999999998890e-01
6.574431777287915724e-01 3.171076888302143959e-01 6.828923111697746684e-01
5.472526780262907398e-01 2.865809445444280623e-01 7.134190554555848163e-01
9.722766435858173351e-01 5.516659513609256660e-01 4.483340486390691160e-01
4.233482547072182633e-01 -1.011443285986731991e-33 9.999999999999914513e-01
2.303382095709234634e-01 -9.689435751765210505e-36 9.999999999999991118e-01
7.537775819374790270e-03 3.744527314838222481e-35 1.000000000000000888e+00
6.330394741197853392e-01 2.671850071060776211e-01 7.328149928939189373e-01
7.862567727693708930e-01 3.706809657247090439e-01 6.293190342752982280e-01
9.725522678632484430e-01 5.417528342542993203e-01 4.582471657457036218e-01
4.403298103020468202e-01 -2.969090646642257997e-34 9.999999999999968914e-01
1.214267751285831726e-01 -6.334470770068665436e-34 9.999999999999940048e-01
1.420016229108131689e-01 -3.117487020125456296e-34 9.999999999999970024e-01
9.690264680893060367e-01 1.699515457884724079e-01 8.300484542115286191e-01
9.726784584378896925e-01 5.379921500602883322e-01 4.620078499397063942e-01
9.743201267933860876e-01 5.027922225081024044e-01 4.972077774918935988e-01
4.661028204488544269e-01 5.186414962114539035e-02 9.481358503788398506e-01
7.323454763194331418e-01 3.427852443677046890e-01 6.572147556322793793e-01
9.554207009157761332e-01 1.032993965469388570e-02 9.896700603453065792e-01
