2.549501287285899309e+00
2.999482028153658941e+00
1.631434787560239741e+00
1.020270035717358859e+00
8.680796474174756749e-01
1.390507827390869533e+00
2.366409946495691585e+00
1.552403157602939121e+00
4.715695689956412862e-01
2.431846264256302348e+00
2.915831268110589125e+00
5.957038456042307306e-01
2.342794871413884650e+00
1.696682987356442851e+00
2.109151683147829637e-01
2.183247389998792531e-01
2.095101373602471728e+00
5.316978412986617109e-01
3.615972611257630698e-01
1.972338240474105886e+00
8.452370195190284097e-01
6.971728283190655739e-01
2.548725336108874195e+00
2.163261281687129056e+00
9.152804294193550572e-01
1.872789912601960260e+00
2.524044175164808834e+00
2.670567699485503876e+00
1.146710088395083593e+00
1.662275157656759816e+00
1.546396659359545289e+00
2.334320947321286255e+00
9.007578542816964129e-01
9.327983889526736405e-01
2.990929882261540218e+00
1.112395042538813827e+00
1.662121633745791360e+00
9.466883792036318024e-02
2.038631740487256483e+00
8.506225364913260201e-01
9.643843981749578020e-02
7.130235332484087252e-01
1.886537024069531387e+00
1.957251692852587599e+00
1.485578015695357745e+00
8.368235501957029809e-01
1.344158226124374966e+00
2.260480340808835642e+00
2.702016497908829251e+00
2.258578583537308671e+00
1.668798786353269836e+00
1.177118680589935185e+00
5.360243702180628178e-01
1.726278855782748867e+00
1.649404453320149067e+00
1.247580903492999216e+00
5.726277961773077463e-01
2.719918850955588496e+00
7.466180160882096573e-01
8.456987502622568265e-01
6.926410951256417592e-01
3.241616020803490539e-01
4.951628393712346199e-01
2.107454831475726653e+00
7.710159448932627502e-01
2.378039934559450508e-02
2.559926592684560909e+00
2.148079021933746890e+00
2.249400285844926461e+00
1.653276763361940072e+00
2.100910917640428366e+00
2.842909671947293049e+00
2.193584381525424121e+00
2.592036150852961907e+00
1.129050016448506888e+00
2.414364437022153975e+00
4.559492645890406148e-01
1.782875714599487571e+00
1.462289972332321275e+00
1.386370401437301059e+00
2.251514163908531430e+00
1.224121746291531920e+00
1.488070027387842442e+00
1.445210934661155466e+00
2.530100118840971302e+00
9.259109280260426900e-01
9.728479112492584013e-01
2.378044449098776214e-01
1.203873392367235562e+00
1.594826687533497322e+00
4.960961126769165563e-01
6.154509618955816830e-01
1.684956941086712678e-02
1.497741816752695465e+00
4.537097054734146040e-01
9.288139252656382183e-01
9.162655746091203923e-01
2.716459420157342208e+00
2.661691452213688969e+00
1.223342818767400697e+00
2.128520450801676844e+00
2.318159430888773187e+00
1.917220659829435458e+00
9.676345043276310953e-01
2.206932882383655370e-01
5.959789537951507565e-01
1.280601646028331153e+00
3.963088436539551340e-01
1.799430117079708458e+00
1.861749801807860427e+00
2.639602976237396259e+00
2.734928079094680164e+00
1.329547777243829332e+00
1.370271849011329479e+00
6.460813402363445590e-01
1.483696011611251642e+00
9.144221359536782723e-01
2.593129226607063131e+00
1.367660538606012111e+00
2.041708083914973493e+00
5.417969427408787508e-01
2.446630371233708079e+00
2.125705760083138607e+00
1.871761648218633667e+00
2.097613677889769601e+00
7.041667177963123470e-01
1.838758232326579645e+00
1.752302862048934706e+00
1.947942025677158018e+00
1.415189419110256530e+00
2.688352103709652052e+00
3.862711079085164867e-01
4.244267015648877095e-01
2.381661266293766843e+00
7.083724632618249029e-02
1.938564383891591136e+00
1.764699894558809046e+00
1.227157344802441319e+00
4.729140348461551291e-01
1.757532849208768955e+00
7.386418685167495113e-01
1.877758556151357894e+00
1.912691715531406045e-01
2.504893855342024134e-01
5.888351890649423659e-01
1.852695426808340873e+00
2.350440284652224321e+00
2.777175803338242766e+00
5.510590752314552532e-01
4.227819508812378224e-01
5.767293874974379619e-01
2.101794091284302723e+00
3.411570945849652370e-01
1.005927790220535245e+00
1.051642881862679957e+00
1.588727972221475326e+00
4.622845950736331755e-01
1.302261866711770910e+00
2.928464334998478691e+00
1.803431322312352592e+00
1.254085661594071865e+00
2.667593771077197751e+00
9.311895674448122939e-03
1.268677879982172740e+00
1.597219009053975514e+00
3.691022601121823898e-01
2.468671804858783236e+00
2.504207823269065436e+00
1.110120342914207026e+00
1.920913604354175463e+00
5.381958560060373653e-01
1.423667276813405325e+00
2.104821216281091534e+00
1.839033916009009673e+00
5.081350174270127251e-02
1.284444694015367983e+00
9.366129039204879048e-01
1.443899866834456924e+00
2.055963645753517977e+00
2.362618520211070106e+00
1.482513161058075735e+00
1.738376357120766658e+00
1.163702878639857108e+00
1.275061573670837056e+00
1.881583059945348246e+00
1.477175708000233012e+00
5.761623618814043502e-01
2.994617763711360681e+00
1.286802392140342644e+00
8.627303165665763940e-01
1.290767906186326641e+00
3.085658712371601720e-01
1.081751599972348821e+00
2.991807587767409959e-01
1.863176932580135059e-02
1.190013019591873444e-01
2.325644655938917005e+00
7.660143385228549429e-01
8.677692844108801928e-01
1.823225027526305997e+00
2.997905998097470714e+00
2.754806859303143618e+00
1.181573684192893658e-01
1.458587679492764133e+00
1.545917669197837130e-01
1.881263653067251740e+00
1.525263677387491468e+00
1.326674040180764180e-02
2.345411906116046996e+00
1.320136510780031802e+00
2.989133635861550786e+00
8.967685460287462273e-01
1.277479664272715976e+00
1.069074864417380422e+00
9.953080030028796932e-01
1.753939289287137271e+00
1.958497400019176826e-01
1.603936150017829076e+00
1.107285249799266458e+00
1.296126327954773227e+00
1.541082730519577115e+00
1.287699506993352561e+00
1.787988591471805444e+00
7.057135158519841633e-01
2.615781006498913541e+00
1.072686839609954701e+00
2.050562807230133178e+00
1.205034613394383669e+00
3.234997254845050074e-01
1.470996468587990380e+00
1.174103827920413234e+00
2.176841751889879273e+00
1.264608334995575234e+00
2.546212336208775184e-02
1.271723499396995916e+00
2.796102100304418414e+00
2.917739071336073131e+00
7.407299838542924508e-01
1.372181030932385859e+00
2.683242082142826002e-01
2.720419913175131210e+00
2.823807042230900066e+00
8.801114984811905240e-01
2.872133219553006711e+00
2.953799242103071876e+00
2.523813877967236774e+00
4.487998548553902012e-01
1.669215090323741268e+00
5.453698212888644647e-01
7.376880232485237832e-01
1.132117158716440253e-01
1.066846228047160228e+00
2.753499587024502482e+00
2.135508358000859808e+00
1.492517714378982507e+00
2.384750021757069849e+00
2.269801332093375201e+00
2.241837963272680145e+00
2.565829286716028168e+00
2.532571799017760306e+00
6.764381612378468356e-01
2.090359301529263192e+00
1.756927095852440779e-01
7.853606433188683456e-01
1.505759812424460664e+00
1.377810522034903506e+00
5.760630651262234059e-01
5.632918069842907105e-01
5.852437986192182695e-01
1.927411366040835405e-01
1.045861710929782529e+00
5.934657846876775222e-01
8.590083883818551147e-01
1.251102634194719343e+00
2.155852592639669218e+00
3.748200254700289058e-01
3.367774564202365983e-01
5.440488702343453387e-01
2.477624061864189819e+00
2.596303121993545737e+00
2.006575468979248100e-01
2.750900214031906099e+00
2.824825204955753843e+00
1.747928536574168579e+00
2.212420843551541783e+00
9.512154993937306235e-01
1.522305095698504029e-01
2.680724254170927523e+00
2.353441443405837497e+00
1.993364680253538967e+00
1.850292044307296768e+00
2.932717451156974242e-03
2.061479162126420128e+00
2.686400938171209507e+00
1.825057283322913726e+00
2.443741024402720230e-01
1.518723953572524543e+00
3.885528785763231463e-01
1.883214945296216358e+00
2.072379737124529164e+00
2.653612990686675221e+00
4.032654085274581801e-01
1.147542473320752876e+00
1.490930394320865160e+00
1.679612220459173466e+00
9.614143967279727976e-01
2.509215847697640278e+00
1.627535912380905447e+00
2.493040876407063955e+00
7.257710556638817812e-01
2.189611990159527899e+00
2.680133845984931540e+00
8.891616013819274578e-01
2.118837005677610019e+00
1.136595373652791618e+00
2.589558491261019668e+00
2.259232004668937366e-01
1.741172197039941860e-01
1.450117981366680020e+00
1.380128051628568553e+00
2.512629625659657862e+00
1.505295438799622021e-01
2.676417210856053330e+00
2.484058194356083327e+00
2.898306950418817696e+00
2.601914279855911172e+00
1.140428332520010635e+00
1.678419765937490205e+00
2.082996943308745852e+00
2.011225277504301356e+00
2.299444964506008660e+00
7.752522069974293606e-01
6.777965259164351330e-01
2.447261484913778595e-01
1.153497594508313018e+00
2.995970582622794698e+00
2.684765476898012260e-01
2.332001067974489583e+00
2.856056328808843414e+00
1.805520384431831271e+00
2.331180973008957658e+00
2.787442216742101131e+00
1.014190663628884437e+00
2.684816060540929916e-01
1.972050857730927476e+00
1.869404050331596512e+00
2.346128135604236942e+00
2.211154552924778471e+00
1.296103517569536789e-01
2.942340972002039035e+00
1.628150720042510713e+00
1.840161215269429551e+00
8.682410691666034852e-01
1.831551149039579496e+00
1.474856930923300391e+00
2.646425272734821199e+00
9.044831526585986881e-01
1.315862632849427838e+00
1.121851109647680644e+00
1.228300885397579201e+00
9.175942397260853367e-01
9.486605316723523140e-01
2.665372593167322224e-01
8.884291941705604323e-01
1.881225428960395352e+00
8.484296978100502873e-01
1.778198301795180569e+00
2.027739402027968652e+00
2.962802379846170453e+00
1.281097422316263224e+00
7.732347838665581952e-01
1.501984812319487439e+00
2.220995363994277216e+00
1.121077954458147730e+00
2.191213842895610053e+00
4.929535943586547120e-01
2.044823666489058667e+00
1.272284620741055416e+00
2.473812502313331940e+00
5.651257301625103313e-01
2.935981766372931734e+00
8.753755971468543118e-01
1.386628891990970169e+00
2.754868091406077468e+00
2.401044280906261097e+00
1.640476782469317829e+00
2.416077024418357144e-01
2.314786088782168516e+00
1.677739113773246027e+00
7.060883737205982946e-01
2.722616194975814974e+00
1.200380198839450241e+00
8.000455230735878942e-01
6.285772987708765358e-01
1.197987641425681371e+00
8.731448603633085170e-01
1.045376793069771715e+00
2.078649161808350687e+00
2.993147870805020538e+00
1.571776979331986013e+00
4.535328781911402984e-01
2.245656611077904152e+00
1.102330019630626490e+00
2.297965736047885343e+00
2.254583560799540365e+00
1.705207301105825746e+00
2.337530385347417194e+00
2.092096998280522868e+00
2.904685778039407307e+00
2.270314512509099547e-01
1.049292332816959661e+00
2.445962111427773866e+00
5.103128772631588816e-01
5.992675907824216441e-01
2.731714652176500557e+00
2.030741223649068505e+00
2.961025121602216981e+00
2.929668056314364666e+00
1.259225729026074214e+00
1.163064657964744786e+00
1.690637723470274079e+00
2.241394409510037100e+00
4.537120099546031460e-01
1.809951347014179923e+00
1.259965106086039732e+00
2.368488391916542035e+00
1.418445138260842064e+00
6.357152367762796130e-01
2.667587911115461896e+00
4.301215233659557713e-01
1.632873632310807954e+00
2.613903227175368160e-01
2.870289205346068684e+00
7.938299735979721383e-01
1.936966111527629542e+00
2.283101784818423852e+00
2.787867569159073078e+00
4.046503620533926648e-01
1.741683029871593735e+00
4.522075206806913661e-01
2.788533080480566362e+00
1.794529678935175010e-02
9.921434047534494205e-01
2.920465987199345914e+00
1.961524500036448515e+00
8.836088833389733610e-01
1.626028216376841584e+00
1.227937452437348753e-01
2.099221272367737257e+00
2.711251027811716341e+00
6.577587232010110307e-01
1.616521828684474471e+00
2.316229681463763512e+00
2.089592923490579235e+00
2.082000087712166270e+00
2.149562802017742413e+00
2.238114993605232250e+00
2.723076097454008249e+00
7.414040028991217834e-01
2.293576869769020643e-02
9.798897288217840451e-01
1.898041144772847133e+00
7.074835513019310795e-01
2.105178320202097275e+00
2.518551755150109095e+00
1.605402535106441153e+00
6.201846905872521187e-01
1.376501876018920489e+00
1.506116392351335653e+00
1.919925687609761233e+00
1.419709189501191737e+00
2.678838287902768567e+00
2.539166095345725793e+00
2.145448240737486412e+00
1.425273405659785109e+00
1.750459585010019303e+00
2.689012208168843010e+00
2.932578935945036047e+00
6.665396702065109480e-01
8.798857492785091550e-01
1.603280407149492603e+00
1.570483758359365378e+00
2.024773375339554704e+00
2.331312454666979672e+00
2.160151350569553319e+00
7.817645963754664695e-01
1.825502702913784914e-01
2.990061025834559238e+00
1.635367183623252174e+00
1.802093679234789025e+00
1.907368687301958854e+00
4.300648311103640875e-01
2.196926761969449693e+00
7.266267645569959299e-01
1.354148680435327545e-01
1.820683481986049124e+00
1.197550846357835930e+00
2.069904060761720732e+00
1.842975420720555091e+00
9.510404053362087051e-02
